-24,-25,35
-24,-24,34
-23,-25,34
-23,-25,34
-23,-26,35
-20,-23,30
-23,-26,35
-21,-25,33
-22,-26,34
-22,-28,35
-21,-27,35
-20,-26,33
-20,-27,34
-20,-28,34
-20,-28,34
-20,-29,35
-19,-28,34
-18,-28,33
-18,-28,33
-17,-27,32
-17,-29,34
-17,-29,34
-16,-29,33
-16,-29,33
-16,-29,33
-15,-28,32
-14,-28,31
-16,-32,35
-15,-31,34
-14,-30,33
-14,-31,34
-12,-28,30
-13,-31,34
-13,-32,34
-12,-32,34
-11,-29,31
-11,-31,33
-11,-33,35
-10,-30,32
-10,-30,32
-10,-32,34
-9,-32,33
-9,-34,35
-8,-32,33
-8,-32,33
-8,-33,34
-7,-33,34
-7,-33,33
-7,-33,34
-6,-33,34
-6,-34,35
-6,-36,36
-5,-36,37
-5,-35,35
-4,-35,35
-4,-35,35
-3,-35,35
-3,-34,34
-2,-34,34
-2,-35,35
-2,-35,35
-1,-36,36
-1,-35,35
-0,-35,35
0,-35,35
0,-39,37
-0,-35,33
-1,-37,35
-1,-38,36
-2,-35,33
-2,-38,36
-3,-35,34
-3,-36,34
-3,-35,33
-4,-35,33
-4,-35,33
-5,-36,34
-5,-32,31
-6,-34,33
-6,-32,31
-6,-32,31
-7,-34,33
-7,-31,30
-7,-31,30
-7,-31,30
-8,-34,33
-8,-30,30
-9,-31,31
-9,-33,32
-9,-30,30
-10,-30,30
-10,-30,30
-11,-31,31
-10,-29,30
-11,-29,30
-12,-30,31
-12,-29,30
-12,-28,29
-13,-29,30
-13,-28,30
-13,-28,30
-13,-27,29
-14,-28,30
-14,-28,30
-15,-28,30
-15,-28,30
-15,-27,30
-15,-27,30
-16,-28,30
-15,-25,28
-16,-27,30
-17,-27,30
-17,-27,30
-17,-26,30
-18,-26,30
-19,-27,31
-18,-25,30
-18,-24,29
-20,-26,31
-21,-27,33
-20,-25,31
-20,-25,30
-20,-24,30
-21,-24,30
-21,-23,30
-23,-25,32
-22,-23,30
-22,-23,30
-23,-23,31
-23,-23,31
-23,-23,30
-23,-23,30
-24,-25,32
-22,-24,30
-22,-24,30
-22,-25,31
-22,-25,31
-21,-25,30
-20,-25,30
-20,-25,30
-19,-25,29
-21,-27,32
-19,-26,30
-18,-26,29
-20,-28,32
-18,-26,29
-18,-27,30
-17,-26,29
-17,-27,30
-17,-28,31
-17,-28,31
-17,-28,31
-16,-27,29
-17,-31,33
-16,-29,31
-14,-27,29
-15,-31,32
-14,-29,30
-13,-28,29
-12,-27,27
-13,-30,31
-12,-29,29
-12,-28,29
-11,-27,27
-11,-29,29
-11,-30,30
-12,-32,32
-10,-30,29
-10,-30,29
-9,-29,29
-9,-31,30
-9,-30,29
-9,-31,30
-8,-32,31
-8,-31,29
-7,-31,29
-7,-31,29
-6,-30,29
-6,-32,30
-6,-31,29
-6,-32,30
-5,-30,29
-5,-33,31
-4,-33,31
-4,-34,32
-4,-34,32
-3,-32,30
-3,-35,33
-2,-33,31
-2,-33,31
-2,-32,30
-1,-29,27
-1,-33,31
-0,-35,33
0,-34,32
0,-34,30
-0,-35,31
-1,-35,31
-1,-34,30
-2,-35,31
-2,-34,30
-3,-36,32
-3,-36,32
-4,-37,32
-4,-34,30
-4,-33,30
-5,-33,30
-5,-33,29
-5,-31,28
-6,-32,28
-6,-33,30
-6,-32,28
-7,-31,28
-7,-31,28
-8,-32,29
-8,-31,28
-8,-32,29
-9,-34,31
-9,-32,30
-9,-31,28
-10,-30,28
-10,-30,28
-11,-31,29
-11,-30,28
-11,-30,28
-12,-30,28
-12,-29,28
-12,-29,28
-12,-28,26
-12,-27,26
-12,-27,26
-14,-29,28
-14,-28,28
-14,-28,28
-15,-29,28
-14,-26,26
-16,-29,29
-14,-25,26
-16,-28,28
-15,-26,26
-16,-26,26
-18,-28,29
-18,-28,29
-18,-27,28
-18,-27,28
-19,-26,28
-20,-27,30
-21,-28,31
-20,-26,29
-21,-27,30
-21,-26,29
-22,-27,31
-21,-25,29
-22,-26,30
-22,-25,30
-22,-24,29
-24,-26,32
-24,-26,31
-23,-24,29
-24,-24,30
-24,-24,29
-23,-23,28
-25,-26,31
-23,-24,29
-20,-22,26
-22,-24,28
-20,-23,26
-22,-26,29
-22,-26,29
-21,-26,29
-20,-26,29
-20,-27,29
-19,-26,27
-19,-26,28
-20,-28,29
-19,-27,29
-17,-25,26
-18,-28,29
-17,-27,27
-17,-28,29
-17,-28,28
-16,-27,27
-15,-26,26
-16,-30,29
-15,-28,27
-15,-30,29
-14,-27,26
-14,-29,28
-14,-29,28
-13,-29,27
-12,-28,26
-12,-28,26
-12,-30,28
-12,-30,27
-12,-30,28
-11,-30,27
-11,-31,28
-10,-30,27
-10,-32,29
-9,-29,26
-9,-29,26
-8,-29,26
-8,-28,25
-8,-31,27
-8,-32,28
-7,-31,27
-7,-33,29
-7,-32,28
-6,-29,25
-6,-31,27
-6,-33,29
-5,-28,25
-5,-31,27
-5,-34,29
-4,-33,29
-4,-32,28
-3,-32,28
-3,-33,29
-3,-34,29
-2,-33,29
-2,-33,29
-1,-33,29
-1,-36,31
-0,-33,29
0,-34,29
0,-37,30
-0,-37,30
-1,-36,30
-1,-36,30
-2,-34,28
-2,-35,29
-3,-34,28
-3,-35,29
-3,-32,27
-4,-34,28
-4,-34,28
-4,-33,27
-5,-32,27
-5,-34,28
-5,-30,25
-6,-33,27
-6,-32,27
-7,-33,27
-7,-32,27
-8,-33,28
-8,-32,27
-9,-33,28
-9,-31,27
-8,-29,25
-8,-27,23
-10,-31,27
-10,-29,25
-11,-31,27
-10,-28,25
-11,-29,25
-11,-29,25
-11,-29,25
-12,-29,25
-12,-28,25
-13,-28,25
-12,-27,24
-14,-29,27
-14,-28,25
-14,-27,25
-14,-27,25
-15,-29,27
-15,-27,25
-15,-27,25
-17,-29,27
-17,-28,27
-17,-28,27
-17,-26,25
-18,-27,27
-17,-26,25
-19,-27,27
-19,-27,27
-19,-27,27
-20,-27,28
-21,-27,28
-18,-23,24
-22,-27,29
-21,-25,27
-21,-25,27
-20,-23,25
-22,-25,27
-23,-25,28
-22,-24,27
-23,-24,27
-24,-25,29
-24,-24,28
-24,-24,27
-23,-23,26
-23,-24,26
-22,-24,26
-23,-25,27
-23,-26,27
-22,-25,27
-23,-27,28
-23,-28,29
-20,-24,25
-21,-27,27
-20,-26,26
-19,-25,25
-19,-27,26
-18,-26,25
-19,-28,27
-19,-28,27
-17,-26,25
-18,-29,27
-16,-25,24
-17,-28,26
-16,-27,25
-16,-29,26
-15,-27,25
-16,-30,27
-14,-27,24
-14,-27,24
-13,-27,24
-13,-27,24
-14,-30,26
-13,-30,26
-13,-30,26
-12,-29,25
-12,-31,27
-12,-31,26
-11,-29,25
-11,-32,27
-10,-29,24
-10,-31,26
-10,-31,26
-9,-29,24
-8,-29,24
-9,-32,26
-8,-30,25
-8,-30,25
-8,-32,26
-7,-30,24
-6,-30,24
-6,-32,26
-6,-32,26
-6,-32,26
-5,-32,26
-5,-34,27
-4,-31,25
-4,-33,26
-4,-33,26
-3,-33,27
-3,-33,26
-3,-35,28
-2,-34,27
-2,-35,28
-1,-37,30
-1,-34,27
-0,-33,26
0,-35,28
0,-38,29
-0,-35,27
-1,-38,29
-1,-34,26
-2,-38,29
-2,-33,25
-3,-36,27
-3,-37,28
-3,-35,27
-4,-34,26
-4,-33,25
-4,-32,24
-5,-33,25
-5,-33,25
-6,-33,25
-6,-34,27
-6,-30,23
-7,-33,26
-7,-33,25
-8,-33,25
-8,-31,24
-9,-32,25
-8,-30,24
-9,-31,24
-9,-30,24
-9,-30,24
-10,-32,25
-10,-30,24
-10,-28,22
-11,-29,24
-11,-29,24
-12,-31,25
-13,-31,25
-13,-29,24
-13,-28,24
-14,-31,26
-14,-30,25
-14,-28,24
-14,-27,23
-14,-27,23
-16,-29,25
-15,-26,23
-16,-28,24
-16,-28,24
-16,-27,24
-16,-26,24
-18,-29,26
-16,-25,23
-17,-26,24
-19,-28,25
-18,-26,24
-19,-26,24
-20,-27,26
-19,-25,24
-20,-25,24
-20,-25,24
-20,-24,24
-20,-24,24
-21,-24,24
-21,-24,24
-22,-25,25
-23,-24,25
-21,-22,24
-22,-23,24
-24,-24,25
-22,-22,23
-22,-23,24
-22,-23,24
-22,-24,24
-22,-24,24
-20,-23,23
-22,-26,25
-22,-26,25
-21,-26,25
-20,-24,23
-21,-27,26
-20,-27,25
-19,-26,24
-19,-26,24
-18,-26,23
-18,-26,24
-18,-27,24
-17,-26,23
-16,-26,23
-16,-27,23
-17,-28,24
-16,-27,23
-16,-28,24
-15,-27,23
-14,-27,23
-14,-27,23
-14,-29,24
-15,-30,25
-15,-31,26
-13,-28,23
-13,-29,23
-13,-31,25
-12,-29,23
-11,-28,23
-11,-28,22
-11,-29,23
-11,-30,24
-10,-30,24
-10,-30,23
-9,-29,23
-9,-29,23
-9,-30,23
-8,-30,23
-8,-31,24
-8,-33,25
-7,-31,24
-7,-30,23
-6,-31,23
-6,-31,23
-6,-31,23
-6,-33,25
-5,-33,25
-5,-33,25
-4,-32,24
-4,-33,25
-4,-32,24
-3,-34,26
-3,-35,26
-2,-34,25
-2,-34,26
-1,-30,23
-1,-35,26
-1,-35,26
-0,-35,26
0,-35,26
0,-38,27
-0,-36,25
-1,-35,25
-1,-36,25
-2,-34,24
-2,-37,26
-2,-33,23
-3,-30,21
-3,-33,23
-4,-33,23
-4,-32,22
-5,-35,25
-5,-32,23
-5,-31,22
-6,-32,23
-6,-31,22
-7,-34,25
-7,-34,24
-7,-31,22
-7,-31,22
-8,-33,24
-8,-32,23
-9,-33,24
-9,-30,22
-9,-30,22
-9,-30,22
-10,-30,22
-10,-30,22
-10,-28,21
-11,-28,21
-11,-30,22
-12,-29,22
-12,-29,22
-13,-29,22
-13,-29,22
-13,-28,21
-15,-31,24
-14,-29,23
-15,-31,24
-14,-28,22
-15,-28,22
-17,-30,24
-15,-27,22
-16,-28,23
-16,-27,22
-17,-27,22
-17,-26,22
-17,-26,22
-18,-27,23
-18,-26,22
-19,-27,23
-19,-26,22
-20,-28,24
-20,-26,23
-20,-25,22
-22,-27,25
-20,-25,22
-21,-25,23
-21,-25,23
-23,-26,24
-23,-25,24
-23,-25,24
-24,-25,25
-24,-25,24
-23,-23,22
-23,-23,22
-24,-25,24
-24,-26,24
-24,-25,24
-24,-26,24
-23,-27,24
-21,-24,22
-21,-25,23
-22,-27,24
-22,-27,24
-20,-25,22
-20,-26,23
-19,-26,22
-19,-27,23
-19,-27,23
-19,-27,23
-18,-27,23
-18,-27,22
-19,-29,24
-17,-28,23
-18,-30,24
-17,-28,23
-17,-31,24
-15,-27,21
-16,-31,24
-15,-29,22
-15,-29,23
-14,-28,21
-13,-28,21
-13,-29,22
-13,-29,21
-13,-30,22
-14,-33,24
-12,-30,22
-11,-29,21
-11,-30,22
-11,-30,22
-11,-31,23
-10,-30,21
-10,-31,22
-10,-32,23
-9,-31,22
-9,-31,22
-7,-28,20
-8,-32,23
-8,-32,23
-7,-31,22
-7,-32,23
-6,-32,22
-6,-32,23
-6,-35,24
-5,-33,23
-5,-31,21
-4,-33,23
-4,-34,24
-4,-32,22
-3,-34,24
-3,-33,23
-3,-35,24
-2,-37,25
-2,-35,24
-1,-35,24
-1,-35,24
-0,-35,24
0,-39,27
0,-36,23
-0,-37,24
-1,-36,23
-1,-36,23
-2,-35,23
-2,-36,23
-3,-35,23
-3,-36,23
-3,-33,22
-4,-36,23
-4,-35,23
-5,-36,23
-5,-35,23
-5,-33,22
-6,-33,22
-6,-33,22
-7,-33,22
-6,-30,20
-8,-34,23
-8,-32,21
-9,-34,23
-8,-32,21
-8,-31,21
-9,-31,21
-9,-30,20
-10,-32,22
-11,-32,22
-10,-29,20
-11,-31,21
-11,-30,21
-12,-31,21
-12,-30,21
-12,-29,21
-13,-29,21
-13,-29,21
-14,-30,21
-13,-27,19
-15,-30,22
-14,-28,21
-15,-28,21
-15,-29,21
-15,-27,20
-16,-28,21
-16,-28,21
-16,-27,21
-17,-27,21
-17,-28,21
-17,-27,21
-17,-26,20
-18,-26,21
-18,-26,21
-20,-27,22
-20,-27,22
-20,-26,21
-21,-26,22
-19,-24,20
-20,-24,20
-21,-25,21
-21,-24,21
-22,-24,21
-24,-26,23
-23,-25,22
-25,-26,23
-23,-24,22
-25,-25,23
-23,-23,21
-24,-24,21
-23,-24,21
-25,-27,23
-22,-24,21
-25,-28,24
-23,-27,22
-21,-25,20
-23,-27,22
-21,-26,21
-20,-25,20
-20,-26,21
-21,-29,22
-19,-27,21
-19,-28,21
-18,-26,20
-19,-28,21
-18,-28,21
-18,-28,21
-16,-27,20
-17,-28,20
-16,-28,20
-16,-29,21
-16,-29,21
-16,-30,21
-16,-30,21
-14,-29,20
-14,-29,20
-14,-30,21
-13,-28,20
-13,-29,20
-13,-30,21
-12,-29,20
-12,-29,20
-11,-29,20
-11,-29,20
-11,-31,21
-10,-30,20
-10,-30,20
-9,-28,19
-10,-32,21
-9,-30,20
-9,-32,21
-8,-31,20
-8,-33,21
-7,-31,20
-7,-33,21
-7,-31,20
-7,-35,22
-5,-29,19
-5,-32,20
-5,-32,20
-5,-33,21
-5,-33,21
-4,-33,21
-4,-32,20
-3,-34,21
-3,-32,20
-2,-33,21
-2,-34,21
-2,-35,22
-1,-36,23
-1,-33,21
-0,-36,23
0,-34,21
0,-34,21
-0,-36,22
-1,-37,22
-1,-37,22
-2,-34,21
-2,-34,21
-3,-34,21
-3,-33,20
-3,-34,21
-4,-34,21
-4,-34,21
-4,-31,19
-5,-32,20
-5,-33,20
-5,-31,19
-6,-31,19
-7,-33,20
-6,-29,18
-7,-32,20
-7,-31,19
-8,-32,20
-8,-31,19
-8,-27,17
-9,-32,20
-9,-31,20
-10,-32,20
-10,-32,20
-10,-30,19
-11,-30,19
-10,-28,18
-12,-30,20
-12,-29,19
-12,-30,20
-13,-30,20
-12,-27,17
-14,-30,20
-14,-29,19
-14,-29,19
-13,-27,18
-15,-28,19
-15,-29,20
-16,-29,20
-16,-28,20
-16,-28,20
-16,-27,19
-16,-26,18
-18,-28,20
-18,-27,20
-18,-27,20
-18,-27,20
-19,-27,20
-19,-26,19
-20,-27,20
-20,-27,20
-20,-26,20
-20,-25,20
-21,-25,20
-21,-25,20
-21,-25,20
-24,-27,22
-22,-25,20
-25,-26,22
-25,-26,22
-23,-24,20
-24,-24,20
-23,-23,19
-23,-23,19
-25,-26,21
-21,-22,18
-23,-25,20
-22,-25,19
-22,-26,20
-22,-26,20
-22,-27,20
-21,-26,20
-21,-27,20
-21,-28,20
-20,-26,19
-19,-27,19
-20,-28,20
-19,-27,19
-18,-27,19
-19,-29,20
-18,-29,20
-18,-29,20
-16,-27,19
-16,-28,19
-17,-29,20
-15,-28,19
-15,-29,19
-16,-30,20
-15,-29,19
-14,-30,19
-15,-31,20
-14,-31,20
-13,-30,19
-13,-30,19
-12,-30,19
-12,-30,19
-11,-28,18
-11,-31,19
-11,-31,19
-11,-31,19
-10,-30,19
-10,-33,20
-9,-31,19
-9,-32,19
-9,-32,19
-8,-32,19
-8,-34,20
-7,-31,19
-7,-33,20
-7,-32,19
-7,-34,20
-6,-32,19
-6,-32,19
-5,-32,19
-5,-32,19
-4,-33,19
-4,-32,19
-4,-33,20
-3,-33,19
-3,-33,19
-3,-36,21
-2,-36,21
-2,-35,20
-1,-34,20
-1,-36,21
-0,-36,21
0,-35,20
0,-38,21
-0,-35,19
-1,-35,19
-1,-38,21
-2,-37,20
-2,-34,19
-3,-37,20
-3,-35,19
-3,-33,18
-4,-35,19
-4,-35,19
-5,-34,19
-5,-35,19
-5,-33,18
-6,-35,19
-6,-34,19
-6,-33,18
-7,-34,19
-7,-33,19
-8,-33,19
-8,-32,18
-8,-31,18
-9,-32,18
-9,-32,18
-9,-29,17
-10,-31,18
-10,-31,18
-11,-31,18
-11,-31,18
-11,-30,18
-12,-31,18
-11,-28,17
-12,-30,18
-12,-28,17
-12,-28,17
-13,-29,18
-13,-27,16
-13,-28,17
-14,-27,17
-15,-29,18
-15,-29,18
-14,-26,16
-15,-27,17
-15,-26,17
-17,-29,18
-16,-26,17
-17,-27,18
-19,-29,19
-18,-28,18
-18,-27,18
-19,-27,18
-17,-24,16
-19,-26,18
-21,-28,19
-20,-26,18
-20,-25,18
-21,-25,18
-21,-25,18
-22,-25,18
-23,-26,19
-25,-27,20
-23,-25,19
-24,-25,19
-24,-24,19
-26,-26,20
-25,-25,19
-24,-25,18
-24,-26,19
-23,-25,18
-24,-26,19
-23,-26,18
-22,-26,18
-23,-27,19
-22,-27,18
-21,-26,18
-21,-27,18
-21,-27,18
-20,-27,18
-19,-26,17
-19,-27,18
-19,-28,18
-19,-28,18
-18,-28,18
-18,-28,18
-17,-28,17
-17,-29,18
-17,-29,18
-16,-28,17
-16,-29,17
-16,-30,18
-16,-31,18
-15,-30,18
-15,-30,18
-13,-28,16
-14,-30,17
-12,-27,16
-12,-28,16
-12,-29,16
-12,-31,18
-12,-30,17
-12,-31,18
-12,-33,19
-10,-29,16
-11,-32,18
-10,-33,18
-10,-32,18
-10,-33,18
-9,-34,19
-9,-33,18
-9,-34,19
-8,-33,18
-8,-34,18
-7,-33,18
-6,-32,17
-6,-33,18
-6,-36,20
-5,-32,17
-5,-32,17
-5,-37,20
-4,-35,19
-4,-38,20
-3,-33,18
-3,-38,20
-3,-38,20
-2,-37,20
-2,-33,18
-1,-35,19
-1,-35,19
-0,-37,20
0,-35,19
0,-35,18
-0,-34,17
-1,-38,19
-1,-36,18
-2,-37,19
-2,-35,18
-3,-37,19
-3,-36,18
-4,-36,18
-4,-35,18
-5,-38,19
-4,-31,16
-5,-35,18
-6,-34,18
-6,-33,17
-6,-32,17
-7,-34,18
-7,-35,18
-8,-34,18
-8,-32,17
-8,-32,17
-9,-33,17
-9,-33,17
-9,-32,17
-9,-30,16
-10,-32,17
-10,-30,16
-11,-31,17
-11,-32,17
-12,-32,17
-12,-31,17
-12,-29,16
-13,-31,17
-12,-29,16
-12,-28,15
-14,-30,17
-14,-30,17
-14,-30,17
-15,-30,17
-16,-30,17
-16,-29,17
-16,-29,17
-16,-29,17
-16,-27,16
-17,-28,17
-18,-29,17
-18,-28,17
-18,-28,17
-18,-27,17
-18,-26,16
-18,-26,16
-19,-27,17
-21,-28,18
-20,-26,17
-20,-26,17
-21,-26,17
-20,-24,16
-22,-26,17
-22,-25,17
-22,-25,17
-23,-26,18
-24,-26,18
-23,-24,17
-23,-24,17
-25,-25,18
-25,-25,17
-25,-26,18
-25,-26,18
-24,-26,18
-21,-23,15
-23,-26,17
-23,-27,17
-22,-26,17
-22,-26,17
-22,-27,17
-20,-26,16
-20,-26,16
-21,-29,18
-20,-28,17
-20,-28,17
-19,-28,17
-19,-28,17
-19,-29,17
-18,-28,16
-17,-28,16
-18,-31,18
-17,-30,17
-16,-29,16
-16,-30,17
-17,-31,17
-15,-30,16
-14,-28,15
-15,-31,17
-14,-30,16
-15,-32,17
-13,-29,15
-13,-31,17
-13,-32,17
-12,-29,15
-12,-31,16
-11,-29,15
-12,-33,17
-11,-31,16
-10,-32,16
-10,-32,16
-9,-30,15
-9,-30,15
-9,-32,16
-9,-34,17
-9,-34,17
-8,-34,17
-8,-35,18
-7,-33,17
-7,-34,17
-6,-34,17
-6,-34,17
-5,-31,15
-5,-35,17
-5,-34,17
-4,-35,17
-4,-35,17
-3,-33,16
-3,-34,17
-3,-35,17
-2,-35,17
-2,-34,17
-1,-35,17
-1,-35,17
-0,-38,18
0,-38,18
0,-38,17
-0,-35,16
-1,-38,17
-1,-36,17
-2,-36,17
-2,-36,17
-3,-36,17
-3,-34,16
-4,-36,17
-4,-36,17
-4,-36,17
-5,-36,17
-5,-35,16
-5,-33,15
-6,-34,16
-6,-31,15
-7,-34,16
-7,-35,16
-7,-33,15
-8,-33,15
-9,-34,16
-8,-31,15
-9,-33,16
-10,-33,16
-10,-32,15
-10,-33,16
-11,-32,15
-10,-30,15
-11,-30,15
-11,-30,15
-11,-30,15
-12,-31,15
-13,-31,15
-13,-31,15
-13,-29,15
-14,-31,15
-14,-29,15
-15,-30,15
-14,-28,15
-14,-27,14
-16,-30,16
-15,-28,15
-17,-29,15
-17,-29,15
-16,-27,15
-18,-29,15
-18,-28,15
-17,-27,15
-19,-28,15
-18,-26,15
-20,-28,16
-19,-26,15
-21,-28,16
-20,-27,15
-21,-27,16
-21,-26,15
-21,-26,15
-22,-26,16
-23,-27,16
-22,-25,15
-21,-23,14
-24,-25,16
-24,-25,16
-24,-25,16
-25,-25,16
-24,-24,15
-24,-24,15
-25,-26,16
-23,-25,15
-24,-26,16
-24,-27,16
-21,-24,14
-22,-27,15
-21,-26,15
-22,-27,15
-20,-25,14
-20,-27,15
-21,-28,15
-19,-26,14
-21,-29,16
-18,-26,14
-19,-29,15
-17,-26,14
-17,-27,14
-18,-29,15
-18,-30,15
-16,-28,14
-15,-27,14
-17,-30,15
-16,-30,15
-17,-32,16
-14,-29,14
-14,-29,14
-13,-28,14
-14,-32,15
-14,-31,15
-14,-32,15
-13,-31,15
-12,-30,14
-12,-30,14
-12,-32,15
-11,-30,14
-11,-32,15
-11,-32,15
-10,-32,15
-10,-34,16
-9,-31,14
-9,-31,14
-9,-34,15
-8,-33,15
-7,-31,14
-8,-34,15
-7,-34,15
-6,-31,14
-6,-33,15
-6,-35,16
-5,-33,15
-5,-33,15
-5,-35,16
-5,-38,17
-4,-36,16
-3,-35,15
-3,-34,15
-3,-36,16
-2,-36,16
-2,-35,15
-1,-36,16
-1,-35,15
-0,-36,16
0,-37,16
0,-35,15
-0,-37,15
-1,-36,15
-1,-36,15
-2,-35,15
-2,-37,15
-3,-36,15
-3,-39,16
-4,-36,15
-4,-35,15
-4,-35,15
-5,-38,16
-5,-37,15
-6,-36,15
-6,-36,15
-7,-38,16
-7,-36,15
-7,-35,15
-8,-35,15
-8,-34,15
-9,-34,15
-9,-34,15
-9,-33,14
-9,-31,13
-10,-33,14
-10,-31,13
-11,-33,15
-11,-33,15
-12,-33,15
-12,-33,15
-13,-33,15
-13,-32,14
-13,-32,14
-13,-31,14
-14,-32,15
-13,-29,13
-14,-29,13
-15,-32,15
-15,-31,14
-17,-32,15
-16,-30,14
-16,-30,14
-16,-28,13
-17,-30,14
-19,-31,15
-18,-29,14
-19,-30,15
-19,-29,15
-19,-28,14
-20,-29,15
-21,-29,15
-21,-28,15
-21,-28,15
-21,-28,15
-22,-28,15
-22,-27,15
-21,-25,13
-22,-26,14
-22,-26,14
-21,-24,13
-22,-24,13
-25,-26,15
-24,-25,15
-25,-26,15
-25,-25,15
-23,-23,13
-25,-26,14
-26,-27,15
-23,-25,14
-24,-27,14
-22,-24,13
-22,-26,14
-23,-27,14
-23,-28,14
-24,-30,16
-22,-28,14
-21,-27,14
-20,-28,14
-21,-29,14
-21,-30,14
-19,-28,14
-20,-29,14
-20,-30,14
-17,-27,13
-18,-29,14
-17,-28,13
-18,-30,14
-17,-30,14
-17,-31,14
-17,-32,14
-17,-32,14
-16,-32,14
-15,-32,14
-15,-33,14
-14,-30,13
-14,-31,14
-14,-32,14
-12,-30,13
-12,-30,13
-13,-34,14
-12,-32,14
-12,-34,14
-11,-32,14
-11,-33,14
-11,-34,14
-9,-31,13
-10,-33,14
-8,-30,13
-9,-33,14
-9,-35,14
-8,-32,13
-8,-34,14
-7,-35,14
-7,-34,14
-6,-35,14
-6,-35,14
-5,-34,14
-5,-35,14
-5,-36,14
-5,-39,16
-4,-35,14
-4,-37,15
-3,-37,15
-3,-35,14
-2,-39,16
-2,-40,16
-1,-39,16
-1,-35,14
-0,-37,15
0,-36,14
0,-37,14
-0,-37,14
-1,-39,15
-1,-37,14
-2,-40,15
-2,-39,15
-3,-37,14
-3,-39,15
-4,-36,14
-4,-37,14
-5,-37,14
-5,-35,13
-5,-36,14
-6,-35,13
-5,-31,12
-6,-32,12
-6,-32,12
-7,-34,13
-8,-34,13
-8,-35,13
-8,-32,12
-9,-34,13
-9,-33,13
-10,-33,13
-10,-31,12
-10,-30,12
-11,-35,14
-11,-31,12
-11,-31,12
-11,-29,11
-13,-34,14
-13,-32,13
-13,-30,12
-12,-28,11
-13,-28,11
-15,-32,13
-15,-32,13
-14,-29,12
-18,-35,15
-15,-29,12
-16,-31,13
-16,-29,12
-18,-33,14
-17,-28,12
-19,-31,14
-20,-32,14
-19,-29,13
-19,-29,13
-18,-26,12
-20,-29,13
-20,-28,13
-21,-30,14
-19,-26,12
-24,-31,15
-20,-25,12
-22,-27,13
-23,-28,13
-26,-31,15
-23,-27,13
-23,-26,13
-25,-27,14
-26,-27,14
-24,-25,13
-25,-25,13
-26,-26,14
-29,-29,14
-28,-28,14
-26,-27,13
-25,-27,13
-25,-27,13
-29,-33,16
-23,-27,13
-24,-28,13
-24,-29,13
-22,-27,12
-21,-27,12
-18,-24,11
-21,-29,13
-22,-30,13
-22,-31,13
-21,-30,13
-21,-31,13
-17,-27,11
-18,-28,12
-17,-27,11
-16,-27,11
-18,-32,13
-14,-25,10
-15,-28,11
-17,-32,13
-15,-28,11
-15,-29,12
-16,-32,13
-15,-32,13
-15,-33,13
-13,-29,11
-14,-33,13
-13,-30,12
-13,-33,13
-11,-28,11
-12,-33,12
-12,-33,12
-11,-33,12
-10,-31,12
-11,-35,13
-9,-30,11
-9,-32,12
-9,-34,12
-10,-36,13
-8,-34,12
-9,-38,14
-7,-31,11
-7,-32,12
-7,-35,13
-6,-34,12
-5,-32,11
-6,-34,12
-5,-35,13
-5,-36,13
-4,-36,13
-4,-36,13
-4,-37,13
-3,-36,13
-3,-35,12
-2,-37,13
-2,-35,12
-1,-40,14
-1,-40,14
-0,-38,13
0,-38,13
0,-41,13
-0,-38,13
-1,-41,13
-1,-40,13
-2,-35,12
-3,-42,14
-2,-33,11
-3,-38,13
-4,-36,12
-4,-38,13
-4,-35,12
-6,-41,14
-5,-37,12
-6,-37,13
-7,-40,13
-7,-36,12
-8,-40,13
-8,-37,13
-7,-31,11
-9,-36,12
-8,-32,11
-9,-35,12
-9,-34,12
-10,-35,12
-10,-34,12
-11,-34,12
-12,-35,12
-9,-27,9
-11,-30,11
-13,-36,13
-14,-35,13
-12,-31,11
-15,-35,13
-13,-30,11
-13,-30,11
-13,-29,11
-16,-34,13
-16,-32,12
-14,-27,10
-17,-32,12
-17,-31,12
-18,-33,13
-18,-31,12
-16,-28,11
-18,-30,12
-17,-28,11
-17,-26,10
-18,-28,11
-17,-26,10
-18,-27,11
-21,-30,12
-19,-26,11
-23,-31,13
-23,-30,13
-22,-28,12
-22,-27,12
-22,-27,12
-27,-32,14
-24,-27,12
-26,-30,13
-26,-28,13
-25,-26,12
-21,-22,10
-26,-27,12
-26,-26,12
-28,-28,13
-26,-27,12
-25,-26,11
-25,-27,12
-28,-30,13
-27,-30,13
-21,-24,10
-20,-24,10
-22,-27,11
-22,-28,11
-26,-33,13
-19,-25,10
-19,-25,10
-22,-30,12
-20,-29,11
-20,-29,11
-16,-24,9
-20,-31,12
-16,-26,10
-16,-26,10
-16,-27,10
-19,-32,12
-13,-23,8
-17,-32,11
-13,-25,9
-14,-28,10
-15,-29,10
-16,-33,11
-16,-34,12
-17,-37,13
-15,-34,12
-14,-32,11
-11,-26,9
-13,-34,11
-12,-31,11
-14,-38,13
-11,-31,11
-12,-35,12
-11,-34,11
-11,-34,11
-9,-31,10
-10,-35,11
-8,-30,10
-8,-31,10
-9,-35,11
-8,-34,11
-6,-28,9
-8,-39,13
-6,-32,10
-7,-37,12
-6,-36,11
-7,-41,13
-6,-41,13
-5,-40,13
-4,-33,11
-4,-33,11
-4,-38,12
-3,-40,13
-3,-36,11
-2,-37,12
-2,-47,15
-1,-36,11
-1,-37,12
-1,-42,13
0,-37,12
0,-43,13
-1,-48,14
-1,-42,12
-2,-43,13
-2,-36,11
-2,-40,12
-2,-33,9
-3,-35,10
-4,-38,11
-5,-46,13
-5,-40,12
-5,-37,11
-5,-33,10
-6,-37,11
-6,-33,10
-7,-36,11
-7,-38,11
-8,-39,12
-6,-25,8
-8,-36,11
-7,-27,8
-8,-32,9
-8,-30,9
-9,-31,9
-9,-31,9
-10,-31,9
-12,-36,11
-12,-34,10
-11,-30,9
-12,-32,10
-13,-33,10
-12,-31,10
-14,-34,11
-14,-33,10
-13,-30,9
-15,-33,11
-12,-25,8
-15,-30,10
-14,-27,9
-14,-27,9
-15,-29,9
-14,-25,8
-16,-28,9
-18,-31,10
-17,-28,9
-15,-25,8
-18,-28,10
-19,-30,10
-21,-31,11
-20,-29,10
-19,-27,10
-21,-29,10
-19,-26,9
-26,-34,12
-23,-30,11
-20,-25,9
-21,-26,10
-21,-25,9
-21,-24,9
-21,-24,9
-19,-21,8
-22,-24,9
-25,-26,11
-19,-20,8
-25,-25,10
-25,-25,10
-28,-29,11
-25,-27,10
-26,-28,11
-25,-27,10
-22,-25,9
-25,-29,11
-18,-21,8
-24,-29,10
-21,-26,9
-20,-26,9
-25,-33,11
-22,-30,10
-20,-27,9
-22,-31,10
-20,-29,10
-19,-28,9
-17,-27,9
-15,-24,8
-14,-23,7
-18,-31,10
-16,-27,9
-13,-23,7
-16,-29,9
-15,-28,9
-15,-29,9
-15,-29,9
-13,-26,8
-14,-30,9
-13,-29,9
-14,-31,9
-14,-33,10
-13,-30,9
-10,-24,7
-11,-30,9
-10,-27,8
-11,-32,9
-11,-31,9
-9,-27,8
-10,-30,9
-9,-30,9
-9,-32,9
-7,-27,8
-9,-33,9
-7,-30,9
-7,-31,9
-7,-31,9
-8,-36,10
-7,-35,10
-7,-36,10
-6,-35,10
-5,-29,8
-4,-28,8
-4,-32,9
-4,-35,10
-4,-34,9
-3,-32,9
-2,-29,8
-2,-32,9
-2,-32,9
-1,-26,7
-1,-24,7
-1,-31,9
-0,-33,9
0,-39,11
0,-42,10
-0,-39,10
-1,-32,8
-1,-36,9
-2,-36,9
-2,-39,10
-2,-26,7
-2,-28,7
-3,-28,7
-3,-27,7
-3,-28,7
-4,-26,7
-5,-33,8
-4,-28,7
-6,-36,9
-7,-40,10
-8,-38,10
-6,-28,7
-8,-37,9
-5,-23,6
-7,-26,7
-9,-35,9
-9,-31,8
-9,-33,9
-8,-25,7
-6,-20,5
-10,-31,8
-13,-39,10
-12,-34,9
-10,-27,7
-15,-39,10
-18,-46,12
-11,-26,7
-19,-44,12
-8,-18,5
-16,-35,10
-14,-30,8
-18,-37,10
-13,-25,7
-20,-38,11
-27,-50,14
-25,-45,13
-22,-38,11
-9,-16,5
-19,-32,9
-9,-14,4
-23,-37,11
-15,-24,7
-18,-27,8
-10,-14,4
-8,-11,3
-20,-26,8
-25,-32,10
-19,-24,8
-36,-43,14
-29,-33,11
-35,-40,13
-25,-27,9
-32,-34,12
-43,-46,16
-30,-31,11
-38,-38,13
-33,-33,11
-35,-36,12
-34,-36,12
-36,-39,13
-31,-35,11
-25,-28,9
-24,-28,9
-28,-33,10
-29,-35,11
-34,-43,13
-37,-47,14
-34,-45,13
-32,-44,13
-11,-15,4
-40,-57,17
-24,-34,10
-20,-32,9
-19,-34,9
-14,-28,7
-28,-58,15
-10,-22,6
-21,-46,12
-13,-39,10
-14,-49,12
-4,-17,4
-4,-21,5
-6,-31,8
-1,-8,2
-7,-40,10
-9,-59,14
-3,-21,5
-5,-34,8
-3,-27,6
-4,-34,8
-3,-33,8
-3,-39,9
-2,-27,6
-2,-29,7
-2,-31,7
-1,-23,6
-1,-21,5
-1,-42,10
0,-34,8
-13,-36,8
-15,-40,9
-12,-27,6
-14,-31,7
-22,-49,11
-22,-46,11
-24,-47,11
-22,-42,10
-7,-12,3
-25,-43,11
-25,-43,11
-29,-48,12
-33,-54,13
-27,-42,11
-30,-47,12
-35,-52,13
-24,-35,9
-28,-39,10
-29,-40,11
-25,-34,9
-28,-37,10
-27,-35,9
-34,-42,11
-27,-33,9
-32,-38,11
-33,-39,11
-34,-39,11
-33,-36,10
-34,-37,11
-32,-34,10
-30,-31,9
-35,-35,11
-36,-36,10
-34,-35,10
-35,-37,10
-31,-34,9
-34,-38,10
-32,-36,10
-32,-37,10
-31,-37,10
-32,-39,10
-30,-38,10
-33,-42,11
-29,-37,9
-26,-35,9
-29,-41,10
-20,-28,7
-27,-39,9
-28,-42,10
-26,-39,9
-27,-42,10
-30,-49,12
-28,-46,11
-17,-30,7
-28,-49,11
-27,-49,11
-27,-50,11
-31,-59,13
-26,-52,12
-19,-40,9
-24,-51,11
-21,-46,10
-11,-24,5
-23,-53,12
-23,-56,12
-20,-50,11
-19,-48,10
-23,-63,13
-16,-44,9
-17,-50,11
-20,-61,13
-16,-50,11
-15,-49,10
-10,-33,7
-13,-46,10
-12,-46,9
-10,-38,8
-7,-32,6
-8,-68,14
-1,-57,11
0,-61,11
-1,-68,12
-2,-65,11
-2,-63,11
-3,-59,10
-4,-71,12
-4,-56,10
-6,-72,12
-6,-57,10
-8,-74,13
-8,-66,12
-8,-58,10
-10,-65,11
-11,-68,12
-10,-59,10
-11,-60,11
-13,-66,12
-14,-65,11
-13,-58,10
-17,-72,13
-17,-66,12
-15,-56,10
-16,-59,11
-21,-72,13
-19,-61,11
-22,-69,12
-18,-53,10
-22,-65,12
-21,-59,11
-19,-51,9
-22,-58,11
-24,-59,11
-25,-59,11
-27,-63,12
-25,-56,11
-26,-56,11
-24,-50,10
-27,-56,11
-27,-53,10
-25,-48,9
-26,-48,9
-27,-48,10
-25,-45,9
-28,-48,10
-24,-41,8
-29,-48,10
-23,-37,8
-28,-44,9
-24,-35,7
-22,-32,7
-30,-42,9
-30,-42,9
-20,-27,6
-28,-37,8
-26,-33,7
-29,-36,8
-28,-34,8
-30,-36,8
-33,-38,9
-33,-38,9
-32,-35,8
-32,-35,8
-31,-32,8
-33,-34,8
-33,-33,8
-34,-34,8
-34,-35,8
-34,-36,8
-32,-34,7
-31,-34,7
-33,-37,8
-29,-34,7
-29,-34,7
-29,-36,7
-29,-36,7
-30,-38,8
-31,-41,8
-30,-40,8
-29,-41,8
-29,-41,8
-27,-39,8
-26,-39,7
-26,-41,8
-24,-38,7
-26,-43,8
-25,-42,8
-24,-42,8
-23,-40,7
-24,-44,8
-27,-50,9
-22,-42,8
-26,-51,9
-24,-50,9
-24,-52,9
-24,-53,9
-21,-47,8
-19,-44,8
-26,-64,11
-25,-63,11
-25,-64,11
-24,-66,11
-24,-68,12
-22,-64,11
-18,-55,9
-17,-54,9
-19,-61,10
-16,-56,9
-18,-65,11
-17,-64,11
-14,-56,9
-11,-46,8
-11,-51,8
-13,-64,10
-12,-58,10
-11,-59,10
-10,-55,9
-10,-61,10
-9,-59,10
-8,-59,10
-8,-62,10
-6,-58,9
-6,-59,10
-5,-56,9
-4,-57,9
-4,-58,9
-3,-57,9
-2,-60,10
-2,-64,10
-1,-65,10
0,-57,9
0,-64,9
-1,-63,9
-2,-63,9
-3,-68,9
-3,-64,9
-4,-67,9
-5,-70,10
-5,-62,8
-6,-62,8
-7,-60,8
-8,-63,9
-8,-62,8
-9,-64,9
-10,-63,9
-11,-62,8
-11,-61,8
-12,-60,8
-13,-63,9
-15,-68,9
-15,-64,9
-16,-62,9
-18,-67,9
-18,-66,9
-17,-60,8
-19,-63,9
-19,-59,8
-20,-59,8
-23,-66,9
-22,-61,9
-24,-64,9
-24,-61,9
-26,-65,10
-28,-68,10
-29,-68,10
-29,-66,10
-31,-67,10
-29,-62,9
-235,-481,73
-19,-38,6
-32,-62,10
-33,-62,10
-33,-60,9
-30,-53,8
-32,-55,9
-33,-54,9
-32,-51,8
-31,-49,8
-31,-47,8
-32,-48,8
-32,-47,8
-31,-45,7
-31,-43,7
-31,-41,7
-31,-40,7
-30,-39,7
-30,-38,7
-30,-37,6
-31,-36,6
-29,-34,6
-31,-35,6
-30,-33,6
-30,-32,6
-29,-30,6
-28,-28,5
-29,-29,6
-36,-36,6
-35,-36,6
-34,-36,6
-34,-37,6
-34,-38,6
-34,-38,6
-32,-38,6
-31,-36,6
-31,-38,6
-30,-38,6
-29,-38,6
-30,-39,6
-30,-41,6
-30,-41,6
-30,-43,6
-30,-43,6
-30,-45,7
-30,-46,7
-30,-48,7
-30,-48,7
-29,-48,7
-29,-50,7
-29,-51,7
-30,-54,8
-29,-54,8
-29,-56,8
-29,-57,8
-29,-59,8
-28,-59,8
-27,-60,8
-28,-63,8
-203,-473,63
-25,-60,8
-25,-64,8
-25,-65,9
-24,-64,8
-24,-68,9
-23,-68,9
-21,-64,8
-19,-61,8
-18,-61,8
-18,-62,8
-17,-63,8
-16,-60,8
-16,-63,8
-15,-63,8
-13,-60,8
-14,-64,8
-12,-62,8
-12,-64,8
-11,-63,8
-10,-64,8
-9,-62,8
-9,-63,8
-8,-62,8
-7,-64,8
-7,-67,8
-5,-63,8
-5,-61,8
-4,-66,8
-3,-62,8
-2,-62,8
-2,-65,8
-1,-63,8
0,-60,7
0,-63,6
-1,-62,6
-2,-64,6
-2,-63,6
-3,-63,6
-4,-63,6
-5,-62,6
-5,-63,6
-6,-63,6
-7,-61,6
-8,-63,6
-9,-63,6
-9,-60,6
-10,-61,6
-11,-63,6
-11,-62,6
-12,-61,6
-13,-63,6
-14,-60,6
-14,-60,6
-15,-62,6
-16,-62,6
-17,-60,6
-18,-61,6
-19,-62,6
-19,-61,6
-20,-60,6
-22,-63,7
-22,-62,6
-23,-61,6
-23,-60,6
-25,-63,7
-27,-66,7
-29,-67,7
-29,-65,7
-29,-64,7
-29,-62,7
-141,-289,32
-138,-274,30
-31,-60,7
-31,-58,6
-32,-58,7
-32,-57,6
-32,-54,6
-31,-52,6
-32,-52,6
-34,-53,6
-32,-49,6
-32,-48,6
-32,-46,5
-34,-48,6
-31,-44,5
-34,-46,6
-33,-43,5
-32,-42,5
-33,-41,5
-33,-40,5
-33,-39,5
-33,-38,5
-33,-37,5
-33,-36,5
-33,-36,5
-34,-35,5
-34,-35,5
-35,-35,5
-36,-36,4
-35,-36,4
-35,-37,4
-35,-37,4
-34,-38,4
-33,-37,4
-33,-38,4
-31,-37,4
-31,-38,4
-31,-38,4
-30,-38,4
-31,-40,4
-30,-41,4
-31,-43,5
-30,-43,5
-29,-43,4
-30,-45,5
-30,-47,5
-30,-47,5
-30,-48,5
-30,-50,5
-30,-51,5
-29,-51,5
-30,-55,5
-29,-54,5
-29,-56,5
-29,-58,6
-29,-59,6
-29,-60,6
-29,-63,6
-33,-74,7
-133,-310,29
-45,-109,10
-25,-63,6
-25,-65,6
-24,-65,6
-24,-68,6
-23,-67,6
-21,-63,6
-20,-63,6
-19,-62,6
-18,-62,6
-17,-61,5
-16,-62,5
-16,-64,6
-14,-60,5
-14,-61,5
-13,-63,6
-12,-62,5
-12,-63,5
-11,-61,5
-10,-62,5
-9,-62,5
-9,-63,5
-8,-63,5
-7,-62,5
-6,-62,5
-5,-62,5
-5,-63,5
-4,-64,5
-3,-62,5
-2,-63,5
-2,-63,5
-1,-62,5
0,-64,5
0,-62,4
-1,-63,4
-2,-62,4
-2,-63,4
-3,-62,4
-4,-62,4
-5,-63,4
-5,-63,4
-6,-64,4
-7,-62,4
-8,-61,4
-8,-61,4
-9,-59,4
-10,-62,4
-11,-61,4
-11,-61,4
-12,-61,4
-13,-62,4
-14,-61,4
-15,-62,4
-16,-63,4
-16,-61,4
-17,-61,4
-18,-62,4
-18,-60,4
-19,-60,4
-20,-61,4
-21,-61,4
-22,-60,4
-23,-63,4
-23,-61,4
-25,-62,4
-28,-66,4
-28,-66,4
-28,-64,4
-29,-64,4
-31,-65,4
-63,-130,9
-52,-103,7
-33,-64,4
-32,-60,4
-33,-59,4
-32,-57,4
-32,-55,4
-32,-54,4
-32,-53,4
-34,-53,4
-33,-51,4
-32,-48,4
-33,-49,4
-32,-45,3
-33,-46,3
-33,-44,3
-33,-43,3
-33,-42,3
-32,-41,3
-34,-41,3
-33,-39,3
-33,-38,3
-33,-37,3
-33,-36,3
-33,-36,3
-33,-35,3
-34,-35,3
-35,-35,3
-37,-37,3
-36,-37,3
-36,-38,3
-35,-37,3
-34,-37,2
-32,-37,2
-32,-37,2
-32,-37,2
-31,-38,2
-31,-39,2
-31,-40,3
-31,-41,3
-30,-41,3
-30,-41,3
-30,-42,3
-31,-44,3
-29,-44,3
-29,-44,3
-30,-48,3
-30,-48,3
-29,-48,3
-29,-49,3
-29,-51,3
-28,-52,3
-29,-55,3
-29,-55,3
-29,-58,3
-28,-58,3
-28,-60,3
-28,-62,3
-47,-107,6
-65,-151,8
-61,-147,8
-30,-76,4
-26,-66,3
-24,-66,3
-24,-68,4
-23,-68,4
-21,-64,3
-20,-62,3
-18,-60,3
-18,-62,3
-17,-63,3
-16,-60,3
-16,-62,3
-15,-61,3
-14,-61,3
-13,-62,3
-12,-63,3
-12,-62,3
-11,-61,3
-10,-61,3
-9,-62,3
-8,-62,3
-8,-62,3
-7,-61,3
-6,-63,3
-5,-63,3
-5,-62,3
-4,-63,3
-3,-62,3
-2,-62,3
-2,-64,3
-1,-64,3
0,-63,3
0,-63,2
-1,-63,2
-2,-63,2
-2,-62,2
-3,-62,2
-4,-63,2
-5,-62,2
-5,-63,2
-6,-63,2
-7,-63,2
-8,-63,2
-8,-61,2
-9,-61,2
-10,-62,2
-11,-62,2
-11,-61,2
-12,-62,2
-13,-62,2
-14,-63,2
-15,-62,2
-15,-60,2
-16,-61,2
-17,-61,2
-18,-60,2
-19,-62,2
-19,-61,2
-20,-61,2
-21,-61,2
-22,-61,2
-23,-62,2
-23,-61,2
-24,-61,2
-28,-66,2
-29,-67,2
-29,-65,2
-29,-63,2
-45,-96,3
-70,-144,4
-73,-145,4
-44,-85,2
-32,-60,2
-32,-58,2
-32,-57,2
-32,-54,2
-32,-54,2
-33,-53,2
-33,-52,1
-32,-49,1
-33,-49,1
-33,-48,1
-32,-46,1
-32,-45,1
-33,-45,1
-34,-45,1
-33,-42,1
-32,-40,1
-34,-41,1
-32,-38,1
-33,-39,1
-34,-38,1
-34,-37,1
-33,-36,1
-34,-36,1
-35,-36,1
-35,-35,1
-36,-36,1
-36,-36,1
-34,-36,1
-34,-37,1
-34,-37,1
-33,-37,1
-32,-37,1
-31,-37,1
-30,-37,1
-30,-37,1
-30,-39,1
-31,-41,1
-31,-42,1
-31,-43,1
-31,-44,1
-30,-44,1
-29,-44,1
-31,-47,1
-30,-47,1
-30,-49,1
-30,-51,1
-31,-53,1
-29,-51,1
-29,-53,1
-30,-56,1
-29,-57,1
-29,-57,1
-29,-59,1
-29,-61,1
-28,-62,1
-47,-107,1
-64,-149,2
-60,-145,2
-31,-78,1
-26,-66,1
-25,-67,1
-24,-68,1
-23,-67,1
-21,-65,1
-19,-60,1
-19,-63,1
-18,-61,1
-17,-62,1
-17,-63,1
-15,-61,1
-15,-62,1
-14,-62,1
-13,-63,1
-12,-62,1
-12,-62,1
-11,-64,1
-10,-62,1
-9,-62,1
-8,-62,1
-8,-63,1
-7,-63,1
-6,-63,1
-5,-62,1
-5,-63,1
-4,-63,1
-3,-64,1
-2,-62,1
-2,-63,1
-1,-62,1
0,-62,1
0,-62,-1
-1,-63,-1
-2,-62,-1
-2,-63,-1
-3,-62,-1
-4,-63,-1
-5,-62,-1
-5,-64,-1
-6,-63,-1
-7,-64,-1
-8,-63,-1
-8,-62,-1
-9,-61,-1
-10,-61,-1
-11,-62,-1
-12,-62,-1
-12,-61,-1
-13,-62,-1
-14,-61,-1
-15,-62,-1
-16,-62,-1
-17,-63,-1
-17,-61,-1
-18,-62,-1
-19,-62,-1
-19,-61,-1
-20,-60,-1
-21,-61,-1
-22,-60,-1
-22,-60,-1
-23,-61,-1
-25,-61,-1
-27,-65,-1
-28,-64,-1
-28,-63,-1
-29,-63,-1
-41,-87,-1
-68,-140,-2
-71,-140,-2
-41,-78,-1
-32,-60,-1
-32,-59,-1
-31,-55,-1
-32,-55,-1
-32,-54,-1
-32,-52,-1
-34,-53,-1
-32,-49,-1
-32,-48,-1
-33,-48,-1
-32,-45,-1
-33,-45,-1
-32,-43,-1
-32,-42,-1
-33,-42,-1
-32,-40,-1
-32,-39,-1
-33,-39,-1
-33,-38,-1
-33,-37,-1
-33,-36,-1
-33,-36,-1
-33,-35,-1
-34,-34,-1
-33,-33,-1
-0,-0,47
