0,178,178
4,179,179
9,178,178
13,178,178
17,177,178
22,176,177
26,175,177
30,174,177
34,169,172
35,154,158
13,53,54
17,63,65
40,131,137
48,146,154
55,154,164
61,158,169
65,157,170
64,144,158
65,137,151
64,126,141
64,120,136
65,114,132
64,107,124
64,100,119
64,96,115
64,91,112
64,86,107
64,81,103
63,77,100
63,73,96
64,70,95
63,67,92
64,64,91
64,61,88
64,58,87
65,56,86
64,53,83
65,50,82
65,48,81
65,46,80
65,44,78
66,42,78
67,40,78
66,37,76
66,35,75
66,33,74
66,31,74
67,30,73
67,28,72
67,26,72
65,23,69
65,22,69
66,20,69
65,18,68
65,16,67
64,14,66
65,13,66
65,11,66
64,10,65
65,8,65
65,6,65
64,5,64
64,3,64
64,2,64
64,0,64
64,0,61
64,2,61
64,3,61
64,5,61
64,6,61
63,8,61
64,9,61
65,11,63
65,13,63
65,15,63
64,16,63
64,18,63
64,19,63
65,21,65
65,23,66
64,25,66
64,26,66
63,28,66
62,29,66
61,31,66
63,33,68
62,35,68
61,37,68
61,39,69
60,40,69
61,43,71
60,45,72
61,48,74
60,49,74
59,51,74
59,54,76
59,56,77
58,58,79
58,61,80
58,64,82
58,67,84
57,69,86
56,72,87
56,76,90
55,78,90
54,81,92
54,85,96
54,90,100
53,94,103
44,82,88
26,52,56
22,46,49
21,48,50
19,46,48
19,48,49
18,50,50
17,52,52
15,49,49
14,50,49
13,51,50
11,51,50
10,52,50
8,47,46
7,48,46
6,47,46
5,53,51
4,53,51
2,49,47
1,50,48
0,49,46
0,55,50
1,49,44
3,53,48
4,51,46
5,52,48
6,49,44
7,50,46
9,51,47
10,48,44
11,51,47
12,48,45
13,48,45
14,47,44
16,48,46
16,46,44
18,46,44
18,44,44
21,47,47
22,47,47
22,44,45
25,46,48
26,46,48
26,43,46
29,46,50
29,44,48
32,45,50
31,42,48
31,40,46
36,44,52
61,71,85
64,71,87
64,67,84
64,64,83
65,62,81
65,59,79
65,56,77
65,54,77
65,51,75
65,48,73
65,46,72
65,43,71
64,41,69
65,39,69
66,37,68
65,35,66
66,33,66
65,31,65
65,29,64
65,27,64
66,25,64
65,23,62
65,22,62
66,20,62
66,18,62
67,17,62
66,15,61
65,13,60
65,11,60
65,10,60
66,8,60
65,6,59
65,5,59
65,3,59
65,2,59
64,0,58
65,0,56
66,2,57
65,3,56
65,5,56
65,6,56
65,8,56
63,9,55
64,11,56
64,13,56
64,14,56
64,16,57
64,18,57
64,19,57
64,21,58
63,22,57
63,24,58
63,26,59
63,28,59
64,30,61
63,32,61
63,34,61
62,35,61
62,37,63
62,39,63
62,41,64
61,43,65
61,45,65
60,47,65
60,49,67
60,51,68
58,53,68
59,56,70
59,59,72
57,60,72
58,64,74
57,66,75
37,45,50
35,45,49
33,45,48
34,48,50
29,44,46
29,45,46
28,47,47
26,46,46
24,45,44
24,47,46
23,48,46
21,48,45
20,48,45
19,49,45
17,48,44
16,50,45
15,49,44
14,50,45
13,50,44
11,50,44
10,51,44
9,50,44
8,52,46
6,52,45
5,51,44
4,51,44
3,51,44
1,52,45
0,54,46
0,54,44
1,53,44
3,53,44
4,52,43
5,53,44
7,53,44
8,52,43
9,51,43
10,52,43
11,49,41
13,50,43
14,49,42
15,50,43
16,49,43
17,49,43
18,47,41
20,47,42
21,47,43
22,48,43
23,46,43
25,46,43
25,44,42
27,45,43
29,45,44
30,44,44
31,44,44
32,43,44
34,43,45
35,42,45
37,43,46
37,41,46
38,40,45
43,43,49
43,41,48
46,42,51
42,36,45
65,53,69
66,51,69
65,48,67
65,46,65
66,44,65
65,41,63
65,39,62
66,37,62
67,36,62
68,34,62
66,31,60
67,30,60
67,28,60
67,26,59
67,24,58
66,22,57
67,20,58
67,19,57
66,17,56
66,15,56
66,13,55
66,11,55
66,10,55
66,8,55
66,7,55
66,5,55
66,3,55
66,2,54
65,0,53
65,0,50
65,2,50
64,3,50
64,5,50
65,6,51
66,8,52
65,10,51
64,11,50
65,13,52
63,14,50
63,16,51
62,17,50
64,19,52
63,21,52
63,23,52
63,24,53
63,26,53
63,28,54
63,30,54
63,32,55
63,34,56
62,35,56
62,37,56
62,39,57
62,41,58
61,43,58
61,46,60
60,47,60
60,50,61
60,52,62
55,50,58
45,42,48
44,44,49
41,43,46
40,44,46
38,44,45
36,44,44
36,46,46
33,45,44
31,44,42
31,46,43
30,47,43
28,47,43
26,47,42
25,47,42
24,48,42
23,48,41
21,48,41
20,48,41
19,49,41
18,49,41
16,49,41
15,49,40
14,51,41
13,50,41
11,49,39
10,51,41
9,50,40
8,51,40
6,52,41
5,52,41
4,52,41
3,51,40
1,53,41
0,53,41
0,53,39
1,53,39
3,53,39
4,53,39
5,54,40
6,53,39
8,52,39
9,52,39
10,51,39
11,51,39
12,50,38
14,50,39
15,50,39
16,48,38
18,49,39
19,48,38
20,48,39
22,49,40
22,46,38
23,47,39
25,47,39
27,47,40
27,45,39
28,45,39
29,43,39
31,43,39
33,45,41
34,43,41
35,42,41
37,43,42
38,42,42
39,41,42
40,40,42
41,39,42
43,39,43
46,39,45
47,39,45
49,38,46
50,37,46
59,42,54
53,36,48
62,40,55
66,40,57
65,37,55
66,35,55
67,34,55
65,31,54
66,29,54
66,27,53
67,26,53
66,24,52
65,21,51
67,20,52
65,18,50
65,16,50
65,15,49
65,13,49
65,11,49
65,10,49
67,8,50
66,7,49
65,5,48
66,3,49
64,2,48
65,0,48
66,0,47
65,2,46
65,3,46
65,5,46
64,6,45
64,8,45
63,9,45
63,11,45
64,13,46
64,14,46
63,16,45
63,17,46
63,19,47
64,21,47
62,22,47
63,24,47
63,26,48
63,28,48
62,29,48
63,32,50
63,34,50
63,35,51
62,37,51
62,39,52
62,41,52
61,43,52
55,41,48
57,44,51
51,42,47
49,42,45
47,42,44
45,43,44
44,44,44
42,44,43
39,43,41
39,45,42
36,44,40
35,45,40
35,47,41
33,47,40
31,47,40
30,47,39
29,48,39
28,49,40
26,49,39
25,49,39
23,50,39
22,50,39
20,49,37
19,50,38
18,51,38
17,51,38
16,52,38
14,51,37
13,51,37
11,51,37
10,51,37
9,52,37
8,53,37
7,53,37
5,53,37
4,54,38
3,54,38
1,53,37
0,54,38
0,55,37
1,56,37
3,55,37
4,54,36
5,54,36
7,54,36
8,53,36
9,52,36
10,52,36
12,52,36
13,53,37
14,52,36
16,52,36
17,51,36
18,51,36
19,50,36
20,49,36
22,49,36
23,49,36
24,48,36
25,48,36
26,46,36
28,46,36
29,46,37
30,45,36
32,46,37
33,45,37
35,45,38
36,44,38
37,43,38
38,42,38
40,42,38
40,40,38
42,40,39
44,40,40
44,38,39
47,39,41
48,37,41
50,37,42
52,37,43
55,36,44
56,36,44
60,36,47
60,34,46
62,33,47
66,33,49
65,31,48
66,29,48
65,27,47
65,25,47
66,24,47
66,22,47
66,20,46
66,18,46
66,17,46
66,15,45
65,13,44
65,11,44
66,10,44
64,8,43
65,6,44
66,5,44
64,3,43
65,2,43
65,0,43
65,0,41
65,2,41
64,3,41
65,5,41
64,6,41
65,8,41
64,10,41
64,11,41
63,13,41
63,14,41
64,16,42
64,18,42
64,19,42
63,21,42
64,23,43
64,25,43
62,26,43
63,28,44
63,30,44
62,31,44
62,33,44
61,35,44
62,37,46
60,38,45
58,39,44
58,41,45
57,42,45
54,42,43
51,42,42
49,42,41
47,43,40
45,43,40
44,44,39
42,44,39
39,43,37
39,45,37
37,45,37
35,45,36
34,46,36
32,46,35
31,46,35
30,47,35
28,46,34
27,48,35
26,48,35
24,48,34
22,47,33
22,49,34
20,49,34
19,50,34
18,51,34
17,51,34
15,51,34
14,51,34
13,52,34
12,52,34
10,51,33
9,52,34
8,51,33
7,53,34
5,54,34
4,53,34
3,53,34
1,54,34
0,54,34
0,55,33
1,56,33
3,54,32
4,54,32
5,54,32
7,54,32
8,52,31
9,53,32
11,54,33
12,53,32
13,52,32
14,51,32
16,52,32
17,51,32
18,51,32
19,50,32
20,48,31
21,47,31
23,49,32
24,48,32
25,47,32
27,47,32
28,46,32
29,46,32
30,45,32
32,45,33
33,45,33
34,44,33
35,43,33
38,44,34
38,42,34
40,42,34
42,42,35
43,41,36
43,39,35
45,39,36
46,38,35
49,39,38
50,37,38
53,38,39
55,37,40
57,36,40
58,35,41
62,35,43
64,34,43
66,33,44
67,32,45
67,30,44
66,27,43
66,26,43
65,23,41
65,22,41
66,20,41
67,19,42
65,16,40
65,15,40
66,13,40
65,11,40
66,10,40
66,8,40
65,6,39
65,5,39
65,3,39
64,2,39
64,0,39
65,0,37
65,2,37
64,3,36
64,5,36
63,6,36
64,8,36
65,10,37
64,11,37
64,13,37
64,14,37
64,16,37
64,18,37
63,19,37
64,21,38
64,23,38
63,24,38
64,26,39
63,28,39
61,29,38
62,31,39
61,33,39
61,34,39
62,37,41
62,39,41
60,40,41
58,41,40
56,41,39
53,41,38
50,41,37
49,42,36
48,43,36
43,41,34
43,43,35
43,45,35
41,45,35
39,45,34
38,46,34
37,47,34
35,47,33
34,48,33
31,47,32
31,49,33
30,49,33
28,49,32
26,49,32
25,51,32
24,51,32
22,50,31
21,51,32
20,51,31
19,52,32
17,50,30
15,51,30
14,52,31
13,51,30
11,51,30
10,52,30
9,51,30
8,53,30
6,53,30
5,53,30
4,54,31
3,53,30
1,54,31
0,55,31
0,56,30
1,56,30
3,56,30
4,55,29
5,54,29
7,54,29
8,54,29
9,54,29
10,52,28
12,52,28
13,52,29
15,53,29
16,52,29
17,51,29
18,50,28
19,50,29
21,50,29
22,49,29
23,49,29
24,48,29
26,48,29
26,46,28
28,47,29
29,46,29
31,46,30
31,45,29
34,45,30
34,44,30
35,43,30
37,43,31
38,42,31
40,42,31
41,41,31
42,40,31
43,39,31
45,39,32
47,39,33
48,37,33
50,37,33
53,37,34
53,35,34
56,35,35
59,35,37
62,35,38
63,34,38
65,33,39
68,32,40
65,29,38
65,27,38
66,25,38
66,23,37
66,22,37
66,20,37
65,18,36
65,16,36
65,15,36
65,13,35
65,11,35
65,10,35
66,8,35
66,6,35
65,5,35
65,3,35
65,2,35
64,0,34
64,0,32
64,2,32
64,3,32
64,5,32
65,6,33
64,8,32
64,9,32
63,11,32
64,13,33
64,14,33
63,16,33
63,17,33
63,19,33
63,21,33
63,23,34
63,24,34
64,26,35
63,28,35
63,30,35
62,31,35
62,33,36
63,36,36
62,37,36
61,39,36
59,39,36
58,41,36
55,41,35
54,42,35
52,42,34
49,42,32
46,42,31
45,43,31
42,42,30
42,44,31
40,44,30
39,45,30
38,46,30
36,46,29
34,46,29
33,47,29
31,47,28
29,46,27
29,48,28
28,49,28
26,48,27
25,50,28
24,50,28
22,50,27
20,49,27
20,51,27
19,53,28
17,51,27
16,52,27
14,52,27
13,52,27
12,53,27
10,52,27
9,53,27
8,52,27
7,53,27
5,53,27
4,52,26
3,54,27
1,54,27
0,55,28
0,54,26
1,55,26
3,55,26
4,55,26
5,54,26
7,53,25
8,54,26
9,53,26
10,52,25
12,53,26
13,53,26
14,52,26
16,52,26
16,50,25
18,51,26
19,48,24
21,50,26
22,50,26
23,48,25
25,49,26
26,49,26
26,46,25
27,46,25
30,47,26
31,46,26
32,45,26
33,45,27
34,43,26
36,44,27
37,43,27
38,42,27
40,42,27
41,41,27
43,41,28
44,39,28
47,41,30
47,38,29
48,38,29
51,38,30
52,36,30
55,37,31
56,35,31
58,35,32
61,34,33
64,34,34
63,32,33
66,31,35
67,30,35
65,27,33
66,25,33
66,24,33
65,22,32
66,20,32
66,18,32
66,16,32
65,15,32
66,13,32
65,11,31
65,10,31
65,8,31
65,6,31
65,5,31
64,3,30
66,2,31
64,0,30
64,0,28
64,2,28
64,3,28
65,5,29
65,6,29
64,8,29
64,10,29
63,11,28
64,13,29
64,14,29
62,16,28
63,17,29
64,19,30
63,21,30
64,23,30
63,24,30
63,26,30
62,27,30
63,30,31
63,32,31
62,33,31
62,35,32
65,39,34
62,39,32
59,40,32
58,41,32
55,41,30
54,42,30
50,41,29
48,42,28
47,43,28
46,44,28
44,44,28
43,45,28
41,45,27
39,45,26
37,45,26
35,45,26
35,47,26
34,48,26
31,47,25
30,48,25
29,49,25
27,48,24
27,51,26
24,48,24
23,50,24
23,51,25
21,51,24
20,51,24
18,51,24
17,51,24
16,52,24
14,52,24
13,53,24
12,53,24
11,54,24
9,52,24
8,53,24
6,53,24
5,53,24
4,54,24
3,52,23
1,54,24
0,53,24
0,55,23
1,54,23
3,55,23
4,56,23
5,55,23
7,54,23
8,54,23
9,52,22
11,53,23
12,52,22
13,53,23
14,51,22
16,52,23
17,52,23
18,51,23
20,51,23
20,49,22
22,49,22
24,50,23
25,50,23
26,48,23
27,47,23
28,48,23
29,45,22
31,47,23
32,45,23
34,45,23
34,44,23
37,45,24
38,44,24
39,43,24
41,43,24
41,41,24
43,41,25
44,40,25
45,39,25
48,39,26
50,39,26
52,39,27
52,37,26
54,36,27
56,36,28
58,35,28
60,34,29
63,34,29
64,32,29
66,31,30
66,29,30
67,28,30
66,25,29
64,23,28
65,21,28
65,20,28
65,18,28
65,16,28
65,15,28
65,13,28
65,11,27
65,10,27
65,8,27
65,6,27
64,5,27
65,3,27
65,2,27
64,0,26
64,0,25
63,2,24
63,3,24
63,5,24
63,6,24
64,8,25
64,9,25
64,11,25
62,12,24
64,14,25
63,16,25
63,17,25
63,19,26
63,21,26
62,22,26
64,25,26
62,26,26
62,28,26
62,30,27
62,31,27
62,33,27
63,35,28
62,37,28
61,39,28
60,40,28
59,41,28
56,42,27
54,42,26
52,43,26
49,43,25
47,43,24
46,44,24
44,44,24
42,44,23
41,45,23
40,46,23
38,46,23
36,46,23
35,47,23
34,48,23
32,48,22
31,50,23
30,50,22
29,50,22
26,48,21
25,49,21
24,50,21
22,50,21
21,51,21
20,51,21
18,51,21
17,51,21
16,53,21
14,51,21
13,52,21
12,53,21
10,52,21
9,54,21
8,54,21
7,54,21
5,54,21
4,53,21
3,55,21
1,53,21
0,54,21
0,56,20
1,56,20
3,56,20
4,55,20
6,56,20
7,54,20
8,55,20
9,54,20
11,54,20
12,52,19
13,54,20
14,52,19
15,50,19
17,51,19
18,51,19
20,51,20
21,51,20
22,50,20
23,49,19
25,50,20
26,49,20
28,49,20
28,46,19
30,47,20
30,45,20
32,45,20
34,45,20
35,45,21
35,43,20
38,43,21
39,43,21
41,43,21
43,43,22
43,41,21
45,41,22
48,41,23
47,39,22
50,39,23
50,37,22
52,37,23
54,36,23
56,35,24
59,35,25
60,34,25
63,34,26
65,33,26
68,32,27
68,30,27
66,27,26
66,25,25
66,24,25
66,22,25
65,20,24
66,18,25
66,16,24
67,15,25
66,13,24
66,11,24
66,10,24
65,8,24
65,6,23
66,5,24
65,3,23
64,2,23
64,0,23
65,0,21
64,2,21
64,3,21
63,5,21
63,6,21
62,8,21
63,9,21
64,11,21
62,12,21
62,14,21
64,16,22
62,17,21
63,19,22
62,21,22
63,22,22
63,24,22
62,26,22
62,27,22
63,30,23
63,32,23
63,34,24
62,35,24
63,38,24
62,39,24
61,41,24
58,41,24
56,42,23
54,42,23
52,43,22
50,43,22
48,43,21
45,43,21
44,44,21
42,44,20
41,46,20
40,46,20
38,46,20
37,47,20
35,47,19
34,48,19
32,48,19
29,47,18
30,50,19
28,49,19
26,49,18
25,49,18
24,51,19
23,51,19
21,50,18
20,51,18
19,53,19
17,51,18
15,51,18
14,52,18
13,52,18
12,52,18
11,53,18
9,52,18
8,54,18
7,53,18
5,54,18
4,55,18
3,55,18
1,54,18
0,55,18
0,56,17
1,56,17
3,55,17
4,56,17
5,55,17
7,55,17
8,55,17
9,55,17
11,55,17
12,54,17
13,53,17
15,53,17
16,53,17
17,52,17
19,52,17
20,51,17
21,50,17
23,52,17
24,50,17
25,50,17
27,50,17
28,49,17
29,48,17
30,48,17
31,46,17
34,48,18
35,47,18
35,45,17
37,45,18
39,45,18
39,43,18
42,44,19
42,42,18
45,43,19
46,42,19
47,41,19
47,39,19
51,39,19
52,39,20
53,37,20
55,37,20
58,37,21
60,36,21
62,35,22
64,34,22
67,34,23
67,32,22
66,29,22
65,27,21
65,25,21
65,23,21
65,22,21
65,20,21
65,18,21
66,17,21
65,15,20
64,13,20
64,11,20
64,10,20
65,8,20
64,6,19
63,5,19
64,3,19
64,2,19
63,0,19
64,0,18
64,2,18
64,3,18
63,5,18
64,6,18
63,8,18
63,9,18
63,11,18
62,12,18
62,14,18
63,16,18
63,17,18
63,19,18
62,21,18
62,22,18
62,24,18
63,26,19
62,27,19
63,30,19
62,31,19
63,34,20
63,36,20
61,37,20
63,40,21
60,40,20
59,42,20
57,42,19
53,42,19
51,42,18
50,43,18
49,44,18
46,44,18
45,45,18
43,45,17
41,45,17
40,46,17
38,46,17
37,48,17
35,47,16
33,47,16
32,47,16
31,49,16
30,50,16
29,50,16
27,50,16
25,50,15
24,51,15
22,50,15
21,52,15
20,52,15
19,52,15
17,51,15
16,53,15
15,53,15
13,53,15
12,53,15
11,54,15
9,54,15
8,52,15
7,55,15
5,55,15
4,55,15
3,55,15
1,56,15
0,55,15
0,58,15
1,57,14
3,57,14
4,56,14
6,56,14
7,54,14
8,55,14
9,54,14
11,53,14
12,53,14
13,53,14
14,52,14
16,53,14
17,52,14
18,50,13
20,51,14
21,51,14
22,51,14
23,49,14
25,49,14
26,49,14
27,48,14
29,48,14
31,48,14
32,48,14
32,46,14
35,47,15
35,45,14
37,45,15
39,45,15
39,43,15
40,42,15
43,43,15
44,42,15
46,42,16
45,39,15
49,40,16
50,39,16
51,38,16
53,37,16
53,36,16
57,36,17
59,35,17
62,35,18
63,34,18
65,33,18
67,32,18
67,29,18
65,27,18
66,25,18
65,23,17
65,22,17
66,20,17
65,18,17
64,16,17
64,14,17
64,13,16
63,11,16
64,10,16
63,8,16
64,6,16
64,5,16
64,3,16
64,2,16
64,0,16
65,0,15
64,2,14
64,3,14
63,5,14
63,6,14
63,8,14
64,9,14
63,11,14
63,13,14
64,14,15
63,16,15
63,17,15
63,19,15
62,21,15
62,22,15
63,24,15
61,25,15
62,28,15
62,29,15
63,32,16
62,33,16
62,35,16
61,37,16
62,39,16
60,40,16
59,42,16
57,42,16
54,42,15
52,43,15
51,44,15
48,44,15
47,44,14
45,45,14
42,45,14
41,46,14
40,46,14
38,46,13
36,46,13
35,47,13
34,48,13
32,48,13
31,49,13
29,48,12
27,48,12
26,49,12
25,50,12
23,49,12
23,51,12
21,50,12
20,51,12
17,49,12
17,51,12
16,51,12
14,52,12
13,52,12
12,51,12
10,52,12
9,52,12
8,52,12
7,54,12
5,52,12
4,54,12
3,55,12
1,55,12
0,56,12
0,54,11
1,56,11
3,56,11
4,55,11
5,54,11
7,55,11
8,54,11
9,54,11
10,52,11
12,53,11
13,50,10
14,51,11
15,50,10
17,50,11
18,49,10
19,48,10
20,49,11
21,48,11
23,49,11
24,48,11
25,48,11
26,46,11
28,47,11
29,46,11
32,47,11
32,45,11
33,44,11
34,44,11
36,44,11
37,43,11
38,42,11
41,43,12
43,43,12
43,41,12
44,40,12
48,41,12
49,40,13
50,39,13
51,38,13
53,37,13
55,37,13
57,36,13
61,36,14
61,34,14
63,34,14
66,33,15
66,31,15
66,29,14
64,27,14
65,25,14
66,23,14
64,21,13
64,19,13
64,18,13
64,16,13
64,14,13
64,13,13
64,11,13
64,9,13
64,8,13
64,6,13
65,5,13
64,3,13
64,2,13
64,0,13
63,0,11
65,2,11
64,3,11
64,5,11
63,6,11
64,8,11
63,9,11
62,11,11
63,12,11
63,14,11
63,16,11
63,17,11
62,19,11
62,20,11
62,22,11
62,24,11
62,26,12
62,28,12
61,29,12
62,31,12
61,33,12
57,33,11
56,33,11
60,38,12
59,39,12
56,40,12
55,41,12
53,41,12
51,42,11
50,43,11
48,44,11
46,43,11
44,44,11
42,44,11
41,45,11
39,45,10
37,45,10
35,45,10
34,46,10
33,47,10
32,48,10
30,47,10
29,48,10
28,49,10
26,49,10
24,48,9
24,51,10
22,50,9
20,49,9
19,50,9
17,48,9
17,51,9
15,50,9
14,51,9
13,51,9
12,53,9
10,50,9
9,50,9
8,52,9
6,52,9
5,52,9
4,53,9
3,53,9
1,53,9
0,54,9
0,56,8
1,53,8
3,54,8
4,55,8
6,56,8
7,54,8
8,54,8
9,55,8
11,53,8
12,52,8
13,52,8
14,51,8
15,50,8
16,50,8
18,49,8
20,51,8
21,50,8
22,49,8
22,47,8
25,50,8
26,48,8
27,48,8
28,47,8
28,44,8
30,45,8
32,45,8
32,44,8
35,45,9
36,44,8
37,43,8
38,42,8
40,42,9
42,42,9
44,42,9
45,41,9
46,39,9
47,39,9
49,38,9
51,38,9
53,38,10
54,36,10
58,37,10
60,36,10
61,35,10
65,35,11
66,33,11
68,32,11
61,27,10
61,25,10
60,23,10
61,22,10
62,20,10
65,20,10
65,18,10
66,17,10
66,15,10
66,13,10
66,11,10
65,10,10
66,8,10
64,6,10
66,5,10
64,3,10
64,2,10
64,0,10
66,0,8
65,2,8
65,3,8
65,5,8
65,6,8
66,8,8
65,10,8
66,11,8
63,13,8
64,14,8
64,16,8
63,17,8
63,19,8
63,21,8
63,22,8
62,24,8
62,26,8
63,28,8
61,29,8
59,29,8
59,31,8
58,33,8
60,36,9
59,37,9
58,39,9
57,40,9
56,41,9
52,41,8
53,43,8
50,43,8
48,43,8
47,44,8
44,44,8
43,45,8
41,46,8
39,45,7
38,47,7
35,45,7
36,49,7
33,47,7
32,48,7
32,50,7
30,50,7
29,52,7
25,46,6
28,55,8
25,52,7
23,51,7
22,52,7
19,49,6
19,54,7
19,57,7
16,53,7
14,50,6
13,53,7
13,56,7
10,53,7
10,58,7
9,59,7
7,53,7
6,58,7
4,55,7
3,57,7
1,59,7
0,57,7
0,64,6
2,62,6
3,62,6
5,66,6
6,64,6
8,62,6
9,62,6
11,61,6
11,58,6
13,56,6
14,55,6
16,58,6
17,57,6
18,54,6
19,54,6
21,56,6
22,53,6
23,52,6
26,55,6
25,49,5
27,50,6
33,58,7
30,50,6
30,48,6
32,47,6
33,46,6
34,46,6
35,45,6
39,47,6
49,57,7
47,52,7
56,59,8
53,53,7
54,51,7
52,47,7
54,47,7
61,50,8
64,50,8
62,46,8
60,42,7
55,37,7
57,36,7
59,35,7
60,34,7
59,31,7
58,29,6
65,31,7
62,27,7
63,26,7
62,24,7
63,22,7
64,21,7
67,20,7
65,18,7
66,16,7
65,15,7
64,13,6
65,11,6
65,10,6
64,8,6
65,6,6
66,5,6
65,3,6
64,2,6
65,0,6
64,0,5
65,2,5
64,3,5
64,5,5
63,6,5
62,8,5
63,9,5
62,11,5
64,13,5
62,14,5
63,16,5
62,17,5
62,19,5
62,21,5
62,22,5
61,24,5
63,26,5
63,28,5
60,29,5
58,29,5
58,31,5
58,33,5
54,32,5
53,34,5
48,32,4
51,36,5
61,45,6
61,47,6
60,49,6
60,51,6
60,54,6
59,56,6
58,58,6
54,57,6
55,61,6
51,60,6
40,49,5
43,55,5
42,56,5
44,63,6
38,57,5
34,53,5
32,54,5
29,51,4
28,53,4
30,60,5
29,61,5
27,62,5
25,60,5
23,59,5
21,59,5
20,60,5
19,62,5
17,62,5
16,63,5
13,57,4
12,62,5
10,58,4
9,60,4
7,55,4
6,63,5
5,66,5
3,61,4
2,64,5
0,65,5
0,63,3
2,63,3
3,63,3
5,64,3
6,63,3
8,62,3
9,62,3
11,62,3
12,62,3
14,62,3
16,63,3
17,63,3
18,60,3
20,62,3
22,61,3
23,60,3
25,60,3
27,61,3
30,64,3
32,63,3
28,53,3
34,61,3
38,63,4
40,62,4
43,65,4
38,54,3
37,50,3
45,58,4
51,63,4
54,63,4
58,64,4
52,55,4
51,51,4
63,60,4
65,59,4
64,55,4
65,53,4
65,51,4
66,49,4
66,47,4
64,43,4
64,41,4
66,40,4
66,37,4
52,28,3
54,27,3
55,26,3
58,25,3
61,25,3
60,23,3
60,22,3
64,21,3
66,20,3
64,18,3
65,16,3
65,15,3
65,13,3
64,11,3
64,10,3
64,8,3
65,6,3
65,5,3
64,3,3
64,2,3
64,0,3
64,0,2
64,2,2
63,3,2
64,5,2
65,6,2
63,8,2
63,9,2
63,11,2
64,13,2
63,14,2
64,16,2
63,17,2
63,19,2
63,21,2
63,23,2
62,24,2
63,26,2
63,28,2
60,28,2
50,25,1
58,31,2
57,32,2
54,32,2
50,32,1
55,37,2
53,37,2
61,45,2
62,49,2
60,49,2
60,52,2
59,54,2
59,56,2
54,54,2
49,51,2
48,53,2
49,57,2
48,59,2
45,58,2
43,59,2
44,63,2
47,70,2
43,68,2
32,54,2
29,50,1
35,66,2
32,63,2
31,66,2
29,65,2
27,66,2
24,62,2
23,65,2
20,62,2
19,64,2
18,65,2
16,64,2
14,64,2
13,65,2
11,63,2
10,64,2
8,63,2
6,63,2
5,63,2
3,62,2
2,63,2
0,62,2
0,62,0
2,62,0
3,63,0
5,63,0
6,62,0
8,63,0
9,63,0
11,63,0
12,63,0
14,61,0
16,62,0
17,63,0
19,61,0
21,63,0
22,61,0
24,63,0
26,64,0
26,59,0
30,64,0
31,63,0
33,61,0
35,61,0
37,61,0
37,58,0
41,61,0
33,47,0
33,45,0
43,55,0
49,60,0
52,60,0
56,61,0
48,51,0
54,54,0
52,50,0
54,49,0
49,42,0
51,42,0
53,41,0
59,43,0
63,44,0
65,43,0
66,42,0
67,40,0
59,34,0
53,28,0
52,26,0
52,25,0
54,24,0
63,26,0
61,23,0
60,22,0
62,20,0
65,20,0
65,18,0
64,16,0
63,14,0
65,13,0
64,11,0
64,10,0
65,8,0
65,6,0
65,5,0
66,3,0
65,2,0
64,0,0
64,0,-2
64,2,-2
65,3,-2
65,5,-2
64,6,-2
64,8,-2
64,10,-2
63,11,-2
64,13,-2
63,14,-2
64,16,-2
64,18,-2
63,19,-2
64,21,-2
63,23,-2
63,24,-2
63,26,-2
63,28,-2
59,28,-2
58,29,-2
60,32,-2
57,33,-2
51,30,-1
49,31,-1
47,32,-1
47,33,-1
59,44,-2
61,48,-2
60,49,-2
57,49,-2
44,40,-1
43,41,-1
42,42,-1
42,44,-1
43,47,-2
50,58,-2
47,57,-2
42,54,-2
46,62,-2
40,57,-2
37,55,-2
32,51,-1
25,42,-1
28,49,-1
24,45,-1
28,55,-2
26,54,-1
26,59,-2
25,60,-2
23,61,-2
22,61,-2
21,64,-2
19,62,-2
18,66,-2
16,65,-2
14,64,-2
13,64,-2
11,64,-2
10,64,-2
8,64,-2
6,64,-2
5,64,-2
3,65,-2
2,64,-2
0,64,-2
0,61,-3
2,62,-3
3,61,-3
5,62,-3
6,62,-3
8,61,-3
9,61,-3
11,63,-3
12,63,-3
14,61,-3
16,65,-3
17,63,-3
19,62,-3
20,62,-3
22,60,-3
23,61,-3
25,61,-3
26,59,-3
27,57,-3
27,54,-3
29,54,-3
29,50,-3
28,46,-3
30,47,-3
30,45,-3
27,38,-2
32,43,-3
31,40,-3
35,43,-3
40,47,-3
49,54,-4
49,51,-3
49,49,-3
51,49,-3
47,43,-3
47,40,-3
46,38,-3
48,37,-3
49,36,-3
48,34,-3
51,34,-3
64,41,-4
67,40,-4
62,35,-3
54,29,-3
54,27,-3
54,26,-3
56,25,-3
63,26,-3
62,24,-3
62,22,-3
64,21,-3
66,20,-3
65,18,-3
66,17,-3
66,15,-3
65,13,-3
66,11,-3
64,10,-3
64,8,-3
65,6,-3
64,5,-3
64,3,-3
64,2,-3
64,0,-3
64,0,-5
63,2,-5
63,3,-5
64,5,-5
63,6,-5
63,8,-5
63,9,-5
63,11,-5
64,13,-5
63,14,-5
64,16,-5
63,18,-5
63,19,-5
63,21,-5
63,23,-5
63,24,-5
62,26,-5
63,28,-5
61,29,-5
60,30,-5
61,32,-5
56,32,-5
50,30,-4
50,31,-4
49,33,-4
51,36,-5
63,47,-6
61,47,-6
49,40,-5
45,39,-4
44,40,-4
43,41,-4
43,43,-4
43,45,-5
42,46,-5
46,53,-5
46,56,-5
32,41,-4
32,43,-4
30,42,-4
27,41,-4
26,40,-4
23,38,-3
21,36,-3
20,37,-3
18,36,-3
19,41,-3
18,40,-3
19,46,-4
20,53,-4
20,56,-4
20,61,-5
18,59,-5
17,62,-5
16,62,-5
14,63,-5
12,61,-5
10,60,-4
9,59,-4
7,57,-4
6,58,-4
4,56,-4
3,55,-4
1,56,-4
0,57,-4
0,64,-6
2,64,-6
3,64,-6
5,65,-6
6,63,-6
8,64,-6
9,64,-6
11,63,-6
13,63,-6
14,63,-6
15,62,-6
18,63,-6
19,63,-6
20,61,-6
22,61,-6
21,56,-6
23,55,-6
27,60,-6
22,47,-5
22,44,-5
20,38,-4
21,37,-4
22,37,-4
23,37,-4
23,35,-4
27,38,-5
25,34,-4
29,37,-5
28,35,-4
33,38,-5
35,38,-5
37,39,-5
37,37,-5
45,43,-6
36,33,-5
47,40,-6
46,38,-6
50,39,-6
46,34,-6
48,34,-6
48,32,-6
55,35,-6
66,39,-8
66,37,-7
54,29,-6
52,26,-6
52,25,-6
55,24,-6
63,26,-7
63,24,-7
65,23,-7
66,22,-7
66,20,-7
64,18,-7
66,16,-7
64,14,-6
64,13,-6
64,11,-6
65,10,-6
63,8,-6
63,6,-6
64,5,-6
64,3,-6
63,2,-6
63,0,-6
59,0,-7
60,1,-7
59,3,-7
59,4,-7
58,6,-7
58,7,-7
58,9,-7
59,10,-7
58,12,-7
58,13,-7
59,15,-7
58,16,-7
60,18,-8
58,19,-8
58,21,-8
59,23,-8
60,25,-8
64,28,-9
62,29,-8
60,30,-8
60,32,-8
59,33,-8
51,31,-7
49,31,-7
48,32,-7
52,37,-8
61,46,-9
57,45,-9
46,38,-7
42,36,-7
43,39,-7
46,44,-8
49,49,-9
43,45,-8
39,43,-7
36,41,-7
36,44,-7
33,42,-7
33,44,-7
33,46,-7
26,39,-6
24,38,-6
22,37,-5
22,38,-5
20,38,-5
19,37,-5
19,40,-6
18,40,-5
15,37,-5
16,42,-6
16,45,-6
16,48,-6
16,52,-7
14,50,-6
12,49,-6
12,52,-7
12,58,-7
12,68,-9
9,64,-8
8,65,-8
7,68,-8
5,69,-9
3,68,-8
2,68,-8
0,64,-8
0,63,-9
2,65,-10
3,63,-9
5,62,-9
6,63,-9
8,68,-10
9,64,-10
11,65,-10
13,65,-10
15,65,-10
17,66,-10
19,70,-11
20,65,-10
19,58,-9
16,46,-7
16,42,-7
21,50,-8
21,48,-8
22,47,-8
22,43,-7
21,39,-7
21,38,-6
23,38,-7
23,37,-6
24,36,-6
27,38,-7
29,39,-7
29,37,-7
31,37,-7
30,35,-7
35,38,-8
38,39,-8
38,38,-8
41,39,-8
44,40,-9
44,38,-9
41,34,-8
43,33,-8
44,32,-8
46,32,-8
47,31,-8
48,31,-9
63,38,-11
65,37,-11
54,29,-9
52,26,-9
52,25,-9
53,24,-9
62,26,-10
61,23,-10
61,22,-10
64,21,-10
61,18,-9
61,17,-9
59,15,-9
59,13,-9
59,12,-9
59,10,-9
59,9,-9
59,7,-9
59,6,-9
59,4,-9
59,3,-9
59,1,-9
59,0,-9
61,0,-11
63,2,-11
62,3,-11
64,5,-11
65,6,-11
64,8,-11
63,9,-11
63,11,-11
62,12,-11
60,13,-11
58,15,-10
57,16,-10
58,17,-10
57,19,-10
58,21,-11
57,22,-11
56,23,-11
60,27,-11
58,27,-11
55,28,-11
56,30,-11
55,31,-11
49,29,-10
47,30,-10
48,32,-10
50,35,-11
58,43,-12
50,39,-11
42,34,-9
40,34,-9
39,36,-9
39,37,-9
42,42,-10
42,44,-11
38,42,-10
37,43,-10
34,42,-9
31,40,-9
28,37,-8
27,38,-8
25,37,-8
25,39,-8
23,38,-8
21,38,-8
20,37,-7
19,38,-7
18,37,-7
18,40,-8
17,41,-8
15,40,-7
13,37,-7
13,40,-7
15,49,-9
17,61,-11
16,64,-11
14,64,-11
13,64,-11
11,65,-11
10,65,-11
8,63,-11
6,65,-11
5,64,-11
3,61,-11
2,65,-11
0,64,-11
0,64,-13
2,64,-13
3,65,-13
5,65,-13
6,64,-13
8,63,-13
9,62,-12
11,64,-13
13,66,-13
14,62,-13
15,62,-13
17,60,-12
19,62,-13
22,65,-14
20,57,-12
21,54,-12
22,53,-12
22,50,-11
21,43,-10
20,39,-9
20,37,-8
20,36,-8
21,35,-8
22,35,-8
23,35,-8
25,35,-9
25,34,-8
27,35,-9
28,34,-9
31,36,-10
32,36,-10
33,35,-10
36,36,-10
37,35,-10
42,38,-11
45,38,-12
47,39,-12
46,36,-12
46,34,-12
48,34,-12
45,30,-11
46,29,-11
52,31,-12
56,32,-13
50,27,-11
50,25,-11
51,24,-11
51,23,-11
58,24,-12
59,23,-12
59,21,-12
61,20,-13
62,19,-13
64,18,-13
64,16,-13
64,14,-13
63,13,-13
61,11,-12
62,9,-12
61,8,-12
61,6,-12
60,4,-12
62,3,-12
61,1,-12
61,0,-12
56,0,-12
58,1,-13
54,3,-12
55,4,-12
54,5,-12
54,7,-12
55,8,-12
52,9,-12
53,10,-12
50,11,-12
51,13,-12
50,14,-12
52,16,-12
50,17,-12
51,18,-12
51,20,-12
50,21,-12
52,23,-13
50,24,-12
49,25,-12
47,25,-12
47,26,-12
46,28,-12
46,29,-12
44,29,-12
45,31,-12
51,38,-14
45,35,-13
39,32,-11
41,35,-12
42,38,-13
40,38,-12
38,38,-12
36,37,-12
36,40,-12
33,38,-11
32,38,-11
32,41,-12
28,38,-11
28,39,-11
26,39,-11
26,40,-11
27,45,-12
26,46,-12
24,45,-11
18,37,-9
20,41,-10
19,43,-11
17,41,-10
16,41,-10
16,44,-11
16,48,-11
15,49,-12
16,56,-13
15,62,-14
14,61,-14
12,60,-14
11,62,-14
9,63,-14
8,64,-14
6,65,-15
5,63,-14
3,62,-14
2,61,-14
0,65,-15
0,60,-15
1,53,-13
3,54,-14
4,58,-15
5,54,-14
7,54,-14
9,58,-15
9,54,-14
10,52,-13
12,55,-14
11,45,-12
13,47,-12
15,51,-13
22,66,-17
23,65,-17
23,59,-16
19,45,-12
21,47,-13
25,53,-15
26,52,-15
26,49,-14
26,46,-13
25,42,-12
28,43,-13
26,40,-12
26,37,-11
28,37,-12
29,37,-12
30,37,-12
30,35,-11
33,36,-12
33,34,-12
34,34,-12
34,32,-12
34,31,-11
39,34,-13
41,34,-13
41,32,-13
41,30,-13
41,29,-13
41,27,-12
41,26,-12
49,29,-14
49,28,-14
46,25,-13
46,23,-13
46,22,-13
44,20,-12
47,19,-13
46,18,-12
47,17,-12
47,16,-12
45,14,-12
46,13,-12
46,12,-12
49,11,-13
48,9,-12
47,8,-12
50,7,-13
49,6,-12
47,5,-12
47,3,-12
47,2,-12
47,1,-12
49,0,-12
42,0,-12
42,1,-12
45,2,-13
42,3,-12
42,4,-12
43,5,-12
45,7,-13
42,7,-12
44,9,-13
44,10,-13
42,11,-12
44,12,-13
43,13,-13
43,14,-13
44,16,-13
44,17,-13
43,18,-13
43,19,-13
41,19,-13
42,21,-13
42,22,-13
38,21,-12
36,21,-11
36,23,-12
35,24,-12
37,26,-13
43,32,-15
41,32,-14
36,29,-13
33,28,-12
36,32,-13
33,31,-13
33,33,-13
35,36,-14
34,37,-14
33,38,-14
32,39,-14
30,38,-13
28,38,-13
27,39,-13
27,40,-13
25,39,-13
24,41,-13
23,41,-13
23,42,-13
20,40,-13
21,44,-13
19,43,-13
18,45,-13
19,49,-14
17,47,-14
18,55,-16
17,56,-16
15,55,-16
13,52,-15
12,55,-15
11,53,-15
9,53,-15
9,58,-16
7,55,-15
6,58,-16
4,53,-15
3,51,-14
1,55,-15
0,53,-15
0,55,-17
1,48,-15
2,42,-13
3,47,-14
5,52,-16
6,49,-15
7,45,-14
8,47,-15
9,45,-14
10,44,-14
12,46,-15
11,42,-13
13,44,-14
14,41,-13
17,48,-15
18,46,-15
16,39,-13
21,47,-16
22,47,-16
22,43,-15
12,23,-8
26,46,-16
26,44,-15
10,15,-6
40,60,-22
8,11,-4
31,42,-16
35,45,-17
27,33,-13
30,35,-14
31,35,-14
33,35,-15
37,37,-16
35,34,-15
37,33,-15
38,33,-15
38,32,-15
38,30,-15
40,30,-15
40,28,-15
41,28,-15
43,27,-15
45,27,-16
42,24,-15
43,23,-15
43,22,-15
42,20,-14
37,16,-12
35,15,-12
36,14,-12
38,14,-12
38,13,-12
38,12,-12
42,11,-13
44,11,-14
45,10,-14
46,9,-14
47,8,-15
46,7,-14
45,6,-14
43,4,-13
42,3,-13
42,2,-13
42,1,-13
41,0,-12
41,0,-13
40,1,-13
41,2,-13
43,3,-14
43,4,-14
42,5,-14
42,6,-14
42,7,-14
40,8,-13
41,9,-14
41,10,-14
39,11,-13
38,12,-13
35,12,-12
33,12,-12
31,12,-11
32,13,-12
34,15,-12
37,17,-13
37,19,-14
39,21,-15
40,22,-15
40,24,-15
40,25,-16
39,26,-16
38,27,-15
40,30,-17
37,29,-16
37,30,-16
35,30,-15
36,33,-16
34,32,-15
34,34,-16
35,36,-17
33,36,-16
30,35,-15
30,36,-15
29,37,-15
30,40,-17
30,42,-17
13,23,-9
34,68,-25
22,47,-17
15,35,-13
4,13,-4
16,52,-18
11,38,-13
9,37,-13
6,28,-9
7,36,-12
4,22,-8
6,40,-13
4,32,-11
3,26,-8
4,54,-18
2,43,-14
1,47,-15
0,43,-14
0,38,-13
1,40,-14
1,16,-6
2,7,-3
5,18,-7
15,42,-16
8,22,-8
17,39,-15
15,31,-12
19,38,-15
22,41,-17
21,31,-13
28,39,-17
10,13,-6
29,36,-17
26,27,-13
33,33,-17
30,29,-15
36,32,-17
34,30,-16
34,28,-16
36,28,-16
34,25,-15
35,24,-15
37,25,-16
37,24,-16
36,22,-15
36,20,-15
39,21,-16
40,20,-16
38,18,-15
39,17,-15
38,16,-15
40,15,-15
39,14,-15
39,13,-15
39,12,-14
40,11,-15
37,9,-13
36,8,-13
31,6,-11
32,5,-11
31,5,-11
28,3,-10
31,3,-11
32,2,-11
33,2,-12
35,1,-12
36,0,-13
27,0,-10
27,1,-10
28,1,-11
28,2,-11
28,3,-11
28,3,-11
31,5,-12
34,6,-13
35,7,-14
36,8,-14
38,10,-15
38,10,-15
37,11,-15
35,12,-14
39,14,-16
37,14,-15
36,15,-15
36,16,-15
36,17,-15
36,18,-15
36,19,-16
35,20,-15
34,20,-15
35,22,-16
33,22,-15
31,21,-14
33,24,-16
32,25,-16
29,24,-14
30,26,-15
28,25,-14
28,27,-15
30,30,-16
26,27,-14
25,28,-14
29,33,-17
25,30,-15
29,38,-18
9,13,-6
23,33,-15
4,5,-3
20,32,-14
19,36,-16
14,34,-14
8,26,-10
9,31,-13
12,61,-24
4,23,-9
1,13,-5
1,18,-7
1,28,-11
0,11,-4
0,34,-14
0,12,-5
1,17,-7
9,53,-22
13,64,-27
2,9,-4
22,67,-29
11,30,-13
27,38,-19
13,18,-9
16,21,-11
13,16,-8
22,26,-14
25,27,-15
22,23,-13
20,20,-11
23,22,-13
27,24,-15
27,24,-15
25,21,-13
28,22,-15
28,21,-15
29,21,-15
31,21,-15
27,17,-13
31,19,-15
31,17,-15
32,17,-15
32,16,-15
33,16,-15
32,14,-15
34,14,-15
37,14,-16
37,13,-16
35,12,-15
35,11,-15
35,10,-15
39,10,-16
39,9,-16
38,8,-16
36,6,-15
37,5,-15
35,4,-15
36,4,-15
37,3,-15
35,2,-15
36,1,-15
36,0,-15
35,0,-15
34,1,-15
36,2,-16
35,3,-15
35,3,-16
34,4,-15
36,5,-16
34,6,-15
36,7,-16
35,8,-16
35,9,-16
35,10,-16
34,10,-16
34,11,-16
32,11,-15
32,13,-15
34,14,-16
33,15,-16
33,16,-16
31,16,-15
31,17,-16
30,17,-15
31,18,-16
26,17,-14
27,18,-14
28,19,-15
26,19,-14
25,19,-14
28,23,-16
24,21,-14
26,23,-15
23,22,-14
23,23,-14
24,25,-15
21,23,-14
23,26,-15
20,24,-14
21,27,-15
15,20,-11
20,28,-15
9,14,-7
16,25,-13
22,37,-19
10,17,-9
16,30,-15
5,11,-5
15,31,-15
13,31,-15
13,33,-16
0,27,-12
0,45,-21
3,35,-17
5,52,-25
1,7,-3
7,38,-18
2,11,-5
15,43,-21
11,25,-13
5,11,-6
24,48,-25
21,39,-21
16,28,-15
11,18,-10
12,18,-10
13,19,-11
12,18,-10
16,22,-13
19,25,-15
16,20,-12
15,17,-11
17,19,-12
17,18,-12
19,19,-12
16,15,-10
21,19,-14
22,19,-14
21,17,-13
24,18,-14
25,18,-15
26,18,-15
25,17,-14
29,18,-16
27,16,-15
26,15,-14
28,15,-15
31,16,-17
27,13,-14
29,13,-15
31,13,-16
30,11,-15
31,11,-16
32,10,-16
34,10,-17
30,8,-15
34,9,-17
31,7,-15
34,7,-16
31,5,-15
33,5,-16
35,4,-17
33,3,-16
35,3,-17
35,2,-17
34,1,-16
33,0,-16
33,0,-17
31,1,-16
33,2,-17
30,2,-15
31,3,-16
31,4,-16
30,4,-15
29,5,-15
30,6,-15
29,6,-15
30,8,-16
30,8,-16
29,9,-15
30,10,-16
31,11,-17
31,12,-17
27,11,-15
30,13,-17
23,11,-13
28,14,-16
25,13,-14
29,16,-17
28,17,-17
25,16,-15
25,17,-15
25,17,-15
24,18,-15
26,20,-17
24,20,-16
22,19,-14
21,19,-14
19,18,-13
19,19,-13
20,21,-14
17,19,-13
18,20,-13
16,19,-13
16,20,-13
13,18,-11
15,22,-13
15,22,-13
14,22,-13
14,23,-13
14,25,-14
10,19,-11
11,22,-13
10,22,-12
9,20,-11
10,23,-13
7,18,-10
5,13,-7
8,25,-13
10,33,-18
4,15,-8
6,25,-13
5,20,-10
6,32,-17
4,25,-13
3,18,-9
5,43,-22
3,31,-16
2,29,-14
1,21,-10
2,63,-31
0,35,-18
0,26,-14
1,25,-13
1,25,-13
2,24,-13
3,34,-18
4,33,-18
4,30,-16
5,29,-16
5,23,-13
4,17,-9
3,11,-6
6,23,-13
6,20,-11
8,25,-14
10,27,-15
9,22,-13
10,24,-14
10,23,-13
10,22,-13
12,24,-14
14,26,-16
13,22,-14
13,22,-14
12,19,-12
13,20,-13
14,19,-13
14,19,-13
16,21,-14
15,18,-13
16,18,-13
17,18,-13
16,17,-13
18,18,-14
17,16,-13
18,16,-13
18,16,-13
18,15,-13
22,17,-15
20,15,-13
24,17,-16
22,15,-14
25,16,-16
24,15,-15
26,15,-16
26,14,-16
25,13,-15
27,13,-16
27,12,-16
31,13,-18
29,11,-16
28,10,-16
28,9,-16
31,9,-17
30,8,-16
30,8,-16
28,6,-15
30,6,-16
29,5,-16
30,4,-16
29,4,-16
33,3,-18
33,2,-18
28,1,-15
33,1,-17
31,0,-16
30,0,-17
30,1,-17
30,1,-17
29,2,-16
30,3,-17
28,4,-16
28,4,-16
30,5,-17
29,6,-17
28,6,-16
28,7,-16
27,7,-16
29,9,-17
31,10,-18
26,9,-16
28,11,-17
23,10,-14
25,11,-16
25,12,-16
25,13,-16
23,12,-15
26,15,-17
25,15,-17
24,15,-16
24,16,-16
24,17,-17
21,16,-15
22,17,-16
22,18,-16
20,17,-15
21,19,-16
19,18,-15
20,20,-16
18,19,-15
17,19,-14
16,18,-14
13,16,-12
13,17,-12
14,19,-13
12,17,-12
11,17,-11
12,18,-12
11,19,-12
11,19,-12
11,21,-14
11,22,-14
10,22,-14
9,20,-12
9,22,-13
8,20,-12
7,20,-12
7,21,-12
6,20,-12
6,23,-13
6,24,-14
6,25,-14
5,23,-13
4,21,-12
3,23,-13
3,25,-14
2,23,-13
2,29,-16
1,17,-10
1,25,-14
0,20,-11
0,20,-12
0,15,-9
1,21,-13
1,19,-11
2,24,-14
3,20,-12
3,21,-13
4,20,-12
4,19,-11
5,24,-15
5,18,-11
6,23,-14
6,20,-12
6,19,-12
8,22,-14
6,15,-10
9,22,-14
8,17,-11
9,19,-13
7,15,-10
11,20,-14
11,20,-14
12,20,-14
11,18,-13
11,17,-12
12,17,-12
13,17,-13
14,18,-14
13,15,-12
13,15,-12
14,15,-12
18,19,-15
17,17,-14
17,17,-14
19,17,-15
19,17,-15
20,16,-15
23,18,-17
20,15,-15
22,16,-16
20,13,-14
20,13,-14
22,13,-15
22,13,-15
22,12,-15
25,12,-16
23,11,-15
24,10,-15
22,9,-14
26,10,-16
27,10,-17
26,9,-16
25,7,-15
28,8,-17
25,6,-15
27,6,-16
25,5,-15
29,5,-17
27,4,-16
24,3,-14
26,3,-15
26,2,-15
29,1,-17
27,1,-16
28,0,-17
23,0,-14
23,1,-14
25,1,-16
23,2,-14
23,2,-14
24,3,-16
28,4,-18
25,4,-16
25,5,-16
23,5,-15
25,6,-16
24,7,-16
24,7,-16
24,8,-16
24,9,-16
23,9,-16
23,10,-16
22,10,-16
23,11,-16
24,12,-17
20,11,-14
21,12,-15
22,13,-16
21,13,-16
20,14,-16
20,14,-16
18,14,-14
19,15,-15
18,15,-15
18,15,-15
18,16,-15
18,17,-16
16,16,-14
16,17,-15
14,15,-13
15,18,-15
15,18,-15
13,17,-13
14,19,-15
12,17,-13
12,18,-13
11,18,-13
12,20,-14
11,20,-14
9,17,-12
9,17,-12
8,18,-12
9,19,-13
9,22,-15
8,21,-14
7,18,-12
5,16,-11
7,22,-14
6,23,-15
4,16,-11
5,21,-13
4,20,-13
3,20,-13
3,20,-13
2,20,-13
2,21,-13
2,24,-15
1,17,-11
1,21,-13
0,19,-12
0,19,-13
1,21,-14
1,21,-14
1,20,-13
2,21,-14
2,19,-13
3,18,-12
3,20,-13
4,20,-14
4,19,-13
4,16,-11
5,18,-12
5,18,-12
5,16,-11
6,16,-11
7,17,-12
7,17,-12
8,18,-13
8,17,-12
9,18,-13
9,18,-13
10,17,-13
9,16,-12
11,17,-13
10,15,-12
11,16,-13
11,15,-13
12,15,-13
13,15,-13
15,18,-16
15,17,-15
17,18,-17
15,15,-14
14,14,-13
17,15,-15
17,15,-15
17,14,-15
19,15,-16
18,13,-15
18,13,-15
19,13,-16
19,12,-15
19,12,-15
20,11,-16
18,10,-14
19,9,-14
22,10,-16
21,9,-15
21,9,-15
22,8,-16
19,7,-13
24,8,-17
19,6,-13
24,7,-17
23,6,-16
24,5,-16
20,4,-13
23,4,-16
26,4,-18
23,3,-16
25,2,-17
21,2,-14
24,1,-16
22,1,-15
22,0,-15
22,0,-16
25,1,-17
23,1,-16
23,2,-16
24,2,-17
24,3,-17
20,3,-14
20,3,-14
24,5,-17
22,5,-16
20,5,-14
22,6,-16
22,7,-16
22,7,-16
22,8,-17
22,9,-17
19,8,-14
20,9,-16
21,10,-17
22,11,-17
19,10,-16
17,10,-14
18,11,-14
19,12,-16
17,11,-14
19,13,-16
16,12,-14
16,13,-14
17,14,-16
15,13,-14
15,14,-14
15,14,-14
14,14,-14
17,18,-17
14,15,-14
14,17,-16
12,15,-14
14,17,-16
12,16,-14
12,17,-14
11,16,-14
10,16,-13
11,18,-14
10,18,-14
8,16,-13
9,18,-14
8,17,-13
8,18,-14
8,19,-14
8,21,-16
7,21,-16
7,21,-16
6,20,-14
6,22,-16
6,22,-16
4,19,-14
5,26,-18
3,18,-13
3,23,-16
2,19,-13
2,20,-14
2,20,-14
1,16,-12
1,20,-14
0,20,-14
0,20,-15
1,22,-17
1,20,-15
1,20,-15
2,19,-14
3,22,-17
3,22,-17
3,19,-14
3,17,-13
4,19,-14
5,19,-15
4,15,-12
5,18,-14
6,18,-14
7,19,-15
7,19,-15
8,20,-16
7,17,-14
9,18,-15
9,18,-15
9,18,-15
10,17,-14
10,17,-14
9,14,-12
11,16,-14
12,18,-16
11,15,-14
12,15,-14
12,14,-14
13,15,-15
15,16,-16
14,15,-15
13,13,-14
14,13,-14
13,12,-13
15,13,-15
15,12,-14
17,13,-16
17,13,-16
18,13,-17
18,12,-16
18,12,-16
16,9,-14
19,11,-16
17,9,-14
19,10,-16
20,9,-16
20,9,-16
18,7,-14
18,7,-14
19,7,-15
19,6,-15
18,5,-14
21,6,-16
19,5,-15
20,4,-15
17,3,-13
18,3,-14
18,3,-14
22,3,-16
19,2,-14
19,1,-14
19,1,-14
22,1,-16
19,0,-14
19,0,-15
23,1,-18
20,1,-15
21,2,-17
17,2,-14
22,3,-17
21,3,-17
19,3,-15
19,4,-15
19,4,-15
21,5,-17
21,6,-17
19,6,-15
19,6,-15
18,6,-15
17,7,-14
21,9,-18
20,9,-17
16,8,-14
18,9,-15
17,9,-15
19,10,-17
16,10,-15
17,11,-15
18,12,-17
15,10,-14
15,11,-15
16,12,-15
15,13,-15
14,12,-15
13,12,-14
14,13,-15
15,15,-17
12,13,-14
13,15,-15
12,14,-15
11,13,-14
12,15,-15
11,15,-15
11,16,-15
11,16,-15
10,16,-15
10,16,-15
10,17,-15
10,19,-17
10,19,-17
8,17,-15
7,17,-14
7,17,-14
7,18,-15
6,17,-14
6,17,-14
5,15,-12
5,17,-14
4,18,-14
3,15,-12
3,15,-12
3,16,-12
3,21,-17
2,18,-14
2,19,-15
1,20,-15
1,20,-15
0,19,-15
0,20,-15
0,19,-15
0,19,-15
1,18,-15
1,19,-15
2,19,-16
2,18,-15
3,18,-15
3,18,-15
3,17,-15
4,18,-15
4,17,-15
5,17,-15
6,20,-17
6,18,-15
8,22,-19
8,19,-17
7,17,-15
7,16,-15
8,17,-15
8,17,-15
9,16,-15
10,18,-17
11,18,-17
9,14,-14
11,16,-16
11,15,-15
11,15,-15
12,15,-16
11,14,-15
12,13,-15
10,11,-13
12,13,-15
13,13,-15
14,13,-16
14,12,-15
13,12,-15
16,13,-17
13,10,-14
14,11,-15
15,10,-15
15,10,-15
15,10,-15
18,11,-17
15,9,-15
15,8,-14
19,9,-17
16,8,-15
18,8,-16
16,7,-15
17,7,-15
17,6,-15
18,6,-16
20,6,-17
18,5,-15
20,5,-17
19,4,-16
20,4,-17
18,3,-15
19,3,-16
19,2,-16
18,2,-15
19,1,-16
19,1,-15
21,1,-17
19,0,-16
18,0,-16
19,0,-16
20,1,-18
19,1,-16
20,2,-18
18,2,-16
17,3,-15
18,3,-16
20,4,-18
18,4,-16
18,4,-16
16,4,-14
17,5,-16
17,5,-15
18,6,-16
18,7,-16
17,7,-16
17,8,-16
16,8,-16
16,8,-16
17,9,-16
14,8,-14
16,9,-16
15,9,-15
17,11,-18
15,10,-16
14,10,-15
14,11,-15
13,11,-15
13,11,-15
13,12,-15
12,11,-14
13,13,-16
13,13,-16
14,15,-18
10,11,-13
12,15,-16
11,14,-16
11,15,-16
10,15,-16
10,15,-16
9,14,-14
9,16,-16
8,14,-14
9,17,-16
8,16,-16
8,16,-16
7,15,-14
7,16,-15
5,14,-13
6,16,-14
6,17,-16
6,20,-18
5,18,-16
4,18,-16
4,20,-18
4,18,-16
3,18,-16
3,20,-18
2,15,-13
2,19,-16
1,15,-13
1,19,-16
1,21,-18
0,20,-18
0,18,-16
1,24,-21
1,16,-15
1,18,-17
2,18,-16
2,18,-16
3,22,-20
4,20,-19
4,18,-17
5,20,-19
3,14,-13
6,21,-20
5,16,-15
5,14,-13
6,17,-16
7,19,-19
7,16,-15
8,17,-17
8,16,-16
8,16,-16
6,12,-12
8,14,-15
7,11,-12
8,13,-13
9,14,-15
9,13,-15
10,13,-15
10,13,-15
10,13,-15
11,12,-15
11,12,-15
11,12,-15
10,10,-13
12,12,-15
13,11,-15
13,12,-16
13,11,-15
12,9,-13
14,11,-16
12,9,-13
12,8,-13
14,9,-15
14,8,-15
14,8,-15
16,8,-16
15,7,-15
13,6,-13
15,7,-15
14,6,-13
15,6,-15
17,6,-16
15,5,-15
17,5,-16
16,4,-15
14,4,-13
14,3,-13
15,3,-13
16,3,-15
16,2,-15
16,2,-15
17,2,-15
18,1,-16
17,1,-15
18,0,-16
17,0,-15
12,0,-12
16,0,-15
17,1,-16
17,1,-16
14,1,-13
14,2,-14
14,2,-14
17,3,-17
14,3,-14
16,3,-15
16,4,-16
16,4,-16
15,5,-15
16,5,-16
13,5,-13
14,5,-14
13,6,-14
16,7,-17
14,7,-15
14,7,-15
15,8,-16
14,8,-16
12,7,-14
15,9,-17
13,9,-15
13,9,-15
14,10,-17
13,10,-16
13,11,-16
12,10,-15
12,11,-15
12,11,-15
11,11,-15
11,12,-16
10,11,-14
10,12,-15
11,13,-16
10,13,-15
9,12,-14
8,11,-13
9,13,-15
8,12,-14
9,14,-16
8,14,-15
8,14,-15
7,13,-14
6,13,-14
6,13,-14
5,13,-13
7,17,-17
6,17,-17
5,17,-17
6,21,-21
6,22,-22
4,14,-14
3,14,-14
3,16,-15
3,19,-19
3,17,-17
2,14,-13
2,20,-19
1,18,-17
1,21,-20
0,14,-13
0,17,-16
0,17,-17
0,18,-18
1,18,-18
1,20,-20
1,13,-13
2,15,-16
2,15,-16
2,12,-12
4,20,-21
3,13,-13
3,14,-14
4,14,-14
5,15,-16
4,13,-14
5,15,-16
4,9,-10
6,14,-16
8,19,-21
6,13,-14
9,17,-19
10,19,-21
7,12,-14
8,13,-16
8,12,-14
9,13,-16
9,13,-16
10,13,-16
10,12,-16
11,13,-17
11,12,-16
11,12,-16
11,11,-16
12,12,-16
10,10,-14
10,9,-13
12,10,-16
13,11,-17
11,9,-14
12,9,-16
12,8,-14
13,9,-16
14,9,-16
12,7,-14
14,8,-16
15,8,-17
14,7,-16
14,7,-16
14,6,-16
15,6,-16
15,6,-16
17,6,-18
15,5,-16
15,5,-16
16,5,-17
16,4,-17
17,4,-17
17,3,-17
17,3,-17
17,3,-18
18,2,-18
17,2,-17
16,1,-16
16,1,-16
16,0,-16
16,0,-16
15,0,-16
22,1,-23
17,1,-17
15,1,-16
17,2,-18
17,2,-18
14,2,-14
18,3,-20
17,3,-18
19,4,-20
15,4,-16
15,4,-17
16,5,-17
16,5,-18
12,4,-14
16,6,-18
15,6,-17
18,8,-20
14,7,-17
14,7,-17
13,7,-16
12,7,-14
13,8,-16
15,9,-18
14,10,-18
14,10,-17
13,9,-17
13,10,-17
13,10,-17
13,11,-18
10,9,-14
14,13,-20
13,13,-20
11,12,-17
13,14,-20
11,13,-17
10,13,-17
9,12,-16
9,13,-17
9,12,-16
8,11,-14
9,14,-17
8,13,-16
8,14,-17
8,15,-17
7,15,-17
7,14,-17
6,14,-16
7,18,-20
7,18,-20
5,14,-16
4,11,-12
4,13,-14
6,20,-22
4,15,-17
2,10,-11
2,10,-11
3,16,-17
1,6,-7
2,20,-21
0,6,-7
1,13,-14
0,16,-17
0,9,-9
0,0,13
