-124,-124,175
-122,-126,175
-121,-127,175
-119,-128,175
-118,-130,176
-116,-131,175
-115,-133,176
-113,-135,176
-111,-136,175
-109,-136,174
-107,-137,174
-105,-138,173
-103,-139,173
-101,-140,173
-100,-142,173
-99,-144,175
-97,-145,174
-95,-146,175
-93,-148,175
-92,-149,175
-90,-150,175
-88,-151,175
-86,-151,174
-84,-152,173
-82,-153,173
-79,-153,172
-77,-153,172
-75,-154,171
-73,-155,171
-71,-156,171
-69,-156,170
-67,-157,170
-65,-157,170
-63,-158,170
-62,-160,171
-59,-160,170
-56,-158,168
-54,-156,165
-50,-152,161
-47,-150,157
-45,-148,155
-42,-145,151
-40,-144,150
-38,-143,148
-35,-141,146
-33,-140,144
-31,-137,141
-29,-135,138
-26,-132,134
-24,-131,133
-22,-129,131
-20,-127,129
-18,-123,124
-17,-123,124
-15,-121,122
-13,-119,120
-12,-118,118
-10,-117,117
-9,-116,117
-7,-116,116
-6,-116,116
-4,-116,116
-3,-115,115
-1,-115,115
0,-114,114
0,-109,103
-1,-108,103
-3,-109,103
-4,-109,103
-5,-108,103
-7,-108,103
-8,-108,103
-9,-109,104
-11,-109,104
-12,-109,104
-13,-109,105
-15,-109,105
-16,-109,105
-18,-109,105
-19,-110,106
-21,-110,107
-22,-111,108
-23,-111,108
-25,-111,108
-26,-111,108
-28,-112,110
-30,-112,110
-31,-112,111
-33,-113,112
-34,-113,112
-36,-113,112
-37,-113,113
-39,-112,113
-41,-113,114
-42,-113,115
-44,-114,117
-46,-116,119
-48,-115,119
-49,-115,119
-51,-115,120
-53,-116,121
-55,-117,123
-57,-118,125
-60,-118,126
-61,-118,126
-64,-119,128
-66,-119,130
-68,-120,131
-70,-120,132
-73,-121,134
-74,-121,135
-77,-122,137
-79,-122,139
-82,-123,141
-85,-124,143
-88,-124,145
-90,-124,146
-93,-125,148
-95,-125,150
-99,-127,153
-102,-127,155
-104,-127,157
-108,-129,160
-112,-129,163
-115,-130,165
-119,-131,168
-122,-131,170
-125,-131,172
-127,-131,174
-129,-129,174
-132,-132,173
-130,-134,174
-128,-135,173
-127,-137,174
-125,-138,173
-121,-137,170
-117,-136,167
-114,-135,164
-110,-134,161
-106,-133,158
-103,-132,155
-99,-131,152
-96,-129,150
-93,-129,148
-90,-128,145
-87,-127,143
-84,-125,140
-82,-125,139
-79,-124,137
-76,-124,135
-74,-123,133
-72,-123,132
-69,-121,129
-67,-121,129
-65,-121,127
-63,-121,127
-61,-120,125
-58,-120,124
-56,-119,123
-54,-118,120
-52,-118,120
-50,-117,118
-49,-117,118
-47,-117,117
-45,-116,116
-43,-115,114
-41,-115,114
-39,-114,112
-38,-114,112
-36,-115,112
-35,-114,111
-33,-114,110
-31,-114,110
-30,-113,108
-28,-112,108
-27,-112,107
-25,-110,105
-23,-110,105
-22,-110,104
-20,-109,103
-19,-109,103
-17,-109,102
-16,-109,102
-15,-109,102
-13,-108,101
-12,-108,101
-11,-108,101
-9,-108,101
-8,-107,99
-7,-107,99
-5,-106,99
-4,-105,97
-3,-106,99
-1,-105,97
0,-105,97
0,-105,93
-1,-105,93
-3,-105,93
-4,-105,93
-5,-105,93
-6,-105,93
-8,-105,93
-9,-107,95
-10,-106,94
-12,-106,94
-13,-106,94
-15,-108,96
-16,-107,96
-17,-107,96
-19,-108,97
-20,-108,97
-22,-109,98
-23,-108,98
-24,-109,99
-26,-109,99
-27,-108,99
-29,-109,99
-30,-109,100
-32,-109,101
-33,-110,101
-35,-110,102
-36,-110,103
-38,-111,104
-40,-111,105
-42,-112,105
-43,-112,106
-45,-112,107
-46,-112,107
-48,-112,107
-49,-112,108
-51,-112,109
-53,-113,111
-55,-113,111
-57,-113,112
-59,-114,114
-61,-114,115
-64,-116,117
-65,-115,117
-68,-117,119
-70,-117,121
-72,-117,122
-74,-117,123
-76,-117,124
-79,-118,125
-81,-118,127
-83,-118,127
-86,-118,129
-88,-119,130
-90,-119,132
-93,-119,134
-96,-120,136
-99,-121,138
-102,-121,140
-105,-121,142
-108,-122,144
-111,-123,146
-114,-123,148
-118,-124,152
-123,-126,156
-126,-126,157
-130,-130,159
-129,-132,159
-127,-134,159
-125,-134,158
-122,-135,157
-117,-133,153
-114,-132,150
-110,-131,148
-106,-129,144
-104,-129,143
-100,-128,140
-98,-128,139
-95,-128,138
-93,-129,137
-90,-128,135
-87,-127,133
-84,-125,130
-81,-124,128
-79,-124,127
-76,-124,125
-74,-123,124
-71,-122,122
-69,-122,121
-67,-121,120
-65,-122,119
-62,-120,117
-60,-120,116
-58,-118,114
-56,-118,113
-54,-118,112
-52,-118,111
-50,-117,110
-48,-116,108
-46,-116,108
-44,-115,106
-43,-115,106
-41,-115,106
-39,-115,105
-38,-114,104
-36,-114,103
-34,-113,102
-32,-112,101
-31,-112,100
-29,-111,99
-28,-111,99
-26,-110,97
-25,-110,97
-23,-110,97
-22,-110,97
-20,-109,96
-19,-110,96
-18,-109,95
-16,-109,95
-15,-108,94
-13,-107,93
-12,-108,93
-11,-108,93
-9,-107,93
-8,-107,93
-7,-107,92
-5,-107,92
-4,-106,91
-3,-106,91
-1,-105,91
0,-105,91
0,-104,86
-1,-105,86
-3,-105,86
-4,-105,86
-5,-105,86
-6,-106,87
-8,-106,88
-9,-106,88
-10,-106,88
-12,-106,88
-13,-107,88
-14,-106,88
-16,-107,89
-17,-108,89
-19,-107,89
-20,-107,89
-21,-107,89
-23,-107,90
-24,-107,90
-26,-108,91
-27,-107,91
-28,-108,91
-30,-108,92
-32,-109,93
-33,-109,94
-35,-109,94
-36,-110,95
-38,-110,96
-39,-110,96
-41,-111,97
-43,-110,97
-44,-111,98
-46,-112,100
-48,-112,100
-50,-112,101
-52,-113,102
-54,-114,103
-55,-113,103
-57,-113,104
-59,-113,105
-61,-115,107
-63,-114,107
-66,-116,109
-67,-116,110
-70,-116,111
-72,-116,112
-75,-118,115
-77,-119,116
-79,-118,117
-81,-118,117
-83,-118,119
-86,-119,121
-88,-119,122
-91,-120,124
-93,-119,124
-96,-120,126
-100,-121,129
-103,-122,131
-106,-123,133
-108,-122,134
-111,-123,136
-115,-124,139
-118,-124,140
-122,-125,143
-126,-126,146
-130,-130,147
-128,-131,147
-127,-133,147
-124,-133,146
-122,-134,145
-118,-134,143
-114,-132,140
-110,-131,137
-107,-130,135
-104,-130,133
-101,-129,131
-98,-129,129
-95,-128,127
-92,-127,126
-89,-126,124
-86,-126,122
-83,-125,120
-81,-124,119
-78,-123,117
-76,-123,116
-74,-123,115
-72,-123,114
-69,-122,112
-66,-120,110
-64,-120,109
-63,-121,109
-60,-120,107
-58,-119,106
-56,-118,104
-54,-117,103
-52,-118,103
-50,-117,102
-48,-117,101
-47,-117,101
-45,-117,100
-43,-116,99
-41,-115,98
-39,-114,97
-37,-113,95
-36,-112,94
-34,-113,94
-33,-112,94
-31,-112,93
-29,-112,92
-28,-112,92
-26,-111,91
-25,-110,91
-23,-110,90
-22,-110,89
-20,-110,89
-19,-109,89
-17,-109,88
-16,-109,88
-15,-109,88
-13,-108,87
-12,-109,87
-11,-108,87
-9,-109,87
-8,-108,87
-7,-107,86
-5,-107,86
-4,-107,86
-3,-106,85
-1,-105,84
0,-105,84
0,-104,79
-1,-104,79
-3,-104,79
-4,-104,79
-5,-105,80
-6,-105,80
-8,-105,80
-9,-105,81
-10,-105,81
-12,-105,81
-13,-106,81
-14,-106,82
-16,-106,82
-17,-107,82
-19,-107,82
-20,-107,83
-21,-108,84
-23,-108,84
-24,-109,85
-26,-108,85
-27,-108,85
-28,-107,84
-30,-108,85
-31,-108,85
-33,-109,87
-35,-109,87
-36,-110,88
-38,-109,88
-39,-109,88
-41,-110,90
-43,-111,90
-44,-111,91
-46,-111,91
-48,-111,92
-49,-111,93
-51,-112,94
-53,-113,95
-56,-114,97
-58,-114,97
-59,-114,98
-61,-114,99
-63,-114,99
-65,-114,100
-67,-116,102
-70,-116,103
-72,-117,104
-74,-116,105
-76,-117,106
-79,-118,108
-81,-119,110
-84,-120,111
-86,-119,111
-89,-120,113
-91,-120,114
-93,-119,115
-96,-120,117
-99,-121,119
-102,-121,120
-105,-122,122
-109,-123,125
-112,-123,127
-114,-123,128
-118,-124,130
-122,-125,133
-123,-123,133
-67,-67,70
-63,-64,67
-60,-63,65
-72,-77,78
-76,-83,83
-115,-130,129
-113,-131,129
-110,-131,127
-107,-130,125
-104,-130,123
-100,-129,121
-97,-127,119
-94,-127,117
-91,-126,116
-89,-126,114
-86,-125,113
-83,-125,111
-81,-124,110
-78,-124,108
-76,-124,108
-73,-122,105
-70,-121,104
-68,-121,103
-67,-121,102
-64,-120,101
-62,-119,99
-60,-118,98
-57,-118,97
-56,-118,97
-54,-118,97
-52,-117,95
-50,-117,95
-48,-117,94
-46,-116,92
-44,-115,91
-43,-114,91
-41,-114,90
-39,-114,89
-37,-113,88
-36,-113,88
-34,-112,87
-32,-112,86
-31,-111,86
-29,-111,85
-28,-111,85
-26,-111,85
-25,-111,84
-23,-110,83
-22,-110,83
-20,-110,83
-19,-110,83
-18,-109,82
-16,-110,82
-15,-109,82
-13,-108,80
-12,-109,81
-11,-107,80
-9,-107,80
-8,-107,80
-7,-107,79
-5,-106,79
-4,-106,79
-3,-105,78
-1,-105,78
0,-104,77
0,-104,73
-1,-104,73
-3,-104,73
-4,-105,74
-5,-105,74
-6,-105,74
-8,-105,74
-9,-105,74
-10,-106,75
-12,-105,74
-13,-106,75
-14,-106,75
-16,-107,76
-17,-107,77
-18,-106,76
-20,-107,77
-21,-107,77
-23,-108,78
-24,-108,78
-26,-109,79
-27,-109,79
-29,-109,79
-30,-109,79
-32,-110,81
-33,-110,81
-35,-109,81
-36,-109,81
-38,-110,82
-39,-109,82
-41,-110,83
-42,-110,83
-44,-111,84
-46,-112,85
-48,-111,85
-50,-112,86
-51,-112,87
-53,-112,88
-55,-112,88
-57,-113,89
-59,-114,90
-61,-114,91
-63,-115,93
-65,-115,93
-67,-115,94
-69,-116,95
-71,-116,96
-74,-117,97
-76,-117,98
-79,-118,100
-81,-118,101
-83,-118,102
-87,-120,104
-90,-121,106
-92,-121,107
-94,-121,108
-97,-121,109
-100,-121,111
-103,-122,112
-105,-122,113
-108,-122,115
-112,-124,117
-115,-123,119
-101,-107,104
-69,-70,69
-61,-61,61
-56,-56,54
-57,-58,56
-55,-58,55
-55,-59,55
-54,-59,55
-55,-62,57
-62,-72,65
-108,-129,115
-106,-129,115
-104,-129,114
-101,-129,113
-98,-129,111
-96,-129,110
-91,-126,107
-90,-127,107
-87,-126,105
-84,-125,104
-82,-126,103
-79,-124,101
-75,-122,98
-74,-123,98
-71,-123,97
-69,-121,96
-66,-121,94
-64,-119,93
-62,-119,92
-60,-119,92
-58,-119,91
-56,-119,90
-54,-117,88
-52,-117,88
-49,-115,86
-48,-116,86
-46,-116,85
-45,-116,85
-43,-116,85
-41,-116,84
-39,-115,83
-38,-114,83
-36,-113,81
-34,-113,81
-33,-113,81
-31,-112,80
-30,-113,80
-28,-112,79
-27,-112,79
-25,-111,78
-24,-111,78
-22,-111,78
-21,-111,78
-19,-110,77
-18,-110,76
-16,-109,76
-15,-109,75
-13,-108,75
-12,-107,74
-11,-108,74
-9,-107,74
-8,-107,74
-7,-106,73
-5,-106,73
-4,-105,72
-3,-106,72
-1,-106,72
0,-106,72
0,-104,68
-1,-105,68
-3,-104,68
-4,-106,69
-5,-105,68
-6,-105,68
-8,-104,68
-9,-105,69
-10,-105,69
-12,-106,69
-13,-106,70
-14,-106,70
-16,-107,70
-17,-107,70
-19,-107,71
-20,-108,71
-22,-109,72
-23,-109,73
-24,-109,73
-26,-109,73
-27,-110,74
-29,-109,74
-30,-110,74
-32,-110,75
-34,-111,75
-35,-111,76
-37,-111,76
-38,-112,77
-40,-111,77
-41,-111,77
-43,-111,77
-45,-111,78
-46,-112,79
-48,-112,80
-50,-112,80
-52,-113,81
-53,-113,81
-56,-114,82
-57,-114,83
-59,-114,83
-61,-114,84
-63,-115,85
-66,-116,87
-68,-116,87
-70,-116,88
-72,-116,89
-74,-117,90
-76,-117,91
-79,-118,93
-79,-115,91
-66,-93,74
-50,-69,56
-47,-64,52
-43,-56,46
-45,-57,47
-48,-60,50
-67,-82,69
-93,-111,94
-107,-124,107
-109,-123,107
-113,-124,109
-113,-122,108
-67,-70,63
-59,-60,55
-59,-59,54
-56,-56,50
-57,-58,51
-55,-58,50
-53,-57,49
-54,-59,51
-54,-61,52
-54,-63,52
-73,-87,72
-107,-131,107
-104,-130,105
-102,-131,105
-101,-133,106
-62,-84,66
-45,-62,49
-42,-60,47
-44,-65,50
-44,-66,50
-41,-62,47
-42,-66,49
-40,-65,48
-40,-67,49
-43,-73,53
-57,-101,73
-66,-120,87
-65,-121,87
-63,-121,86
-53,-105,74
-58,-119,84
-56,-118,82
-53,-117,81
-52,-117,81
-50,-117,81
-48,-117,80
-46,-116,79
-45,-116,79
-43,-116,78
-41,-115,78
-39,-114,77
-38,-115,77
-36,-114,75
-35,-114,75
-33,-114,75
-32,-114,75
-30,-114,74
-28,-113,74
-27,-113,74
-25,-113,73
-24,-112,73
-22,-111,72
-21,-111,72
-19,-112,72
-18,-111,71
-16,-109,70
-15,-110,70
-14,-110,70
-12,-109,70
-11,-109,70
-9,-109,69
-8,-108,68
-7,-108,68
-5,-108,68
-4,-107,68
-3,-106,67
-1,-106,67
0,-106,67
0,-106,63
-1,-106,64
-3,-106,64
-4,-106,64
-5,-105,63
-7,-107,64
-8,-107,64
-9,-107,64
-11,-108,65
-12,-107,65
-13,-106,64
-15,-107,65
-16,-108,65
-17,-108,66
-19,-109,66
-20,-109,66
-22,-109,66
-23,-109,67
-24,-109,67
-26,-108,67
-28,-110,68
-29,-110,68
-30,-110,68
-32,-111,69
-34,-111,69
-35,-111,70
-37,-112,70
-39,-112,71
-40,-112,71
-42,-112,71
-43,-111,71
-45,-111,72
-46,-112,72
-48,-111,72
-50,-112,74
-52,-113,75
-53,-112,75
-55,-113,76
-58,-116,78
-60,-116,79
-59,-110,75
-38,-70,48
-37,-66,45
-38,-64,45
-40,-66,46
-41,-67,47
-45,-70,50
-44,-68,48
-44,-66,47
-43,-63,46
-43,-61,45
-45,-63,46
-44,-60,45
-45,-59,44
-45,-58,44
-45,-56,43
-48,-58,45
-78,-93,72
-107,-124,98
-110,-124,99
-112,-123,100
-114,-123,100
-64,-67,56
-55,-56,47
-54,-54,46
-54,-54,44
-51,-53,43
-51,-54,43
-51,-55,44
-48,-53,42
-49,-55,43
-51,-59,45
-82,-97,74
-106,-130,98
-104,-130,97
-102,-131,97
-96,-127,93
-53,-71,52
-44,-61,44
-42,-59,42
-43,-63,44
-41,-62,43
-42,-65,45
-41,-64,44
-40,-65,44
-40,-67,46
-40,-68,46
-39,-68,46
-38,-69,46
-37,-69,46
-36,-70,46
-34,-67,44
-34,-71,46
-36,-76,49
-36,-79,51
-32,-72,46
-43,-100,63
-50,-120,76
-47,-118,74
-45,-116,73
-43,-116,72
-41,-115,71
-39,-114,70
-38,-114,70
-36,-114,70
-35,-115,70
-33,-115,69
-32,-114,69
-30,-114,68
-28,-112,67
-27,-113,67
-25,-112,67
-24,-112,66
-22,-111,66
-21,-110,65
-19,-110,65
-18,-110,65
-16,-110,65
-15,-110,64
-13,-109,64
-12,-108,63
-11,-108,63
-9,-108,63
-8,-108,63
-7,-108,63
-5,-107,62
-4,-107,62
-3,-106,62
-1,-106,62
0,-106,62
0,-105,58
-1,-105,58
-3,-105,58
-4,-106,58
-5,-107,59
-7,-107,59
-8,-107,59
-9,-106,59
-11,-108,60
-12,-107,59
-13,-108,60
-15,-108,60
-16,-108,60
-17,-108,60
-19,-108,60
-20,-109,61
-22,-108,61
-23,-109,61
-24,-109,61
-26,-108,61
-27,-110,62
-29,-110,63
-31,-111,63
-32,-110,63
-34,-111,64
-35,-111,64
-37,-111,65
-38,-111,65
-40,-112,66
-42,-112,66
-44,-113,67
-46,-115,68
-45,-108,64
-36,-83,50
-37,-82,50
-36,-78,47
-36,-75,46
-37,-76,47
-38,-76,47
-38,-73,45
-38,-72,45
-39,-71,44
-41,-72,46
-41,-70,44
-41,-68,44
-41,-66,43
-41,-65,42
-43,-65,43
-43,-65,43
-44,-64,42
-44,-63,42
-45,-62,42
-45,-61,41
-46,-61,42
-46,-59,41
-47,-58,41
-48,-58,41
-74,-88,63
-108,-125,91
-110,-125,92
-112,-124,92
-116,-125,94
-67,-70,54
-50,-51,40
-51,-51,40
-51,-51,39
-51,-52,39
-49,-51,38
-48,-52,38
-49,-54,39
-49,-55,40
-50,-57,41
-86,-103,72
-107,-130,90
-104,-130,89
-103,-131,89
-99,-131,88
-55,-74,49
-43,-60,40
-43,-61,40
-42,-61,40
-42,-63,41
-41,-64,41
-41,-64,41
-40,-65,41
-40,-67,41
-40,-68,42
-37,-66,41
-37,-68,41
-38,-71,43
-36,-70,42
-36,-72,43
-36,-73,43
-35,-73,43
-34,-75,44
-34,-76,44
-33,-77,45
-32,-78,45
-31,-79,45
-31,-80,46
-31,-83,48
-30,-83,47
-28,-83,47
-30,-91,51
-31,-97,54
-35,-116,65
-34,-116,65
-31,-113,63
-30,-113,62
-28,-112,62
-26,-112,61
-25,-112,61
-23,-110,60
-22,-112,61
-21,-110,60
-19,-109,59
-18,-109,59
-16,-109,59
-15,-109,59
-13,-109,58
-12,-109,58
-11,-108,58
-9,-108,58
-8,-108,58
-7,-107,58
-5,-107,58
-4,-107,57
-3,-107,57
-1,-108,58
0,-107,57
0,-108,54
-1,-107,54
-3,-107,54
-4,-106,54
-5,-107,54
-7,-108,54
-8,-108,54
-9,-107,54
-11,-108,54
-12,-108,55
-13,-108,55
-15,-108,55
-16,-108,55
-17,-108,55
-19,-108,55
-20,-109,56
-22,-109,56
-23,-109,56
-25,-110,57
-26,-110,57
-27,-109,57
-29,-111,58
-30,-110,58
-32,-112,58
-35,-115,61
-32,-100,53
-34,-102,54
-32,-92,49
-32,-88,47
-32,-85,46
-32,-83,45
-33,-81,44
-33,-81,44
-34,-80,44
-35,-79,44
-35,-76,42
-36,-77,43
-37,-75,42
-37,-73,41
-38,-74,42
-38,-72,41
-39,-71,41
-40,-71,41
-41,-71,41
-41,-68,40
-41,-66,39
-42,-66,39
-43,-67,40
-44,-65,40
-44,-64,39
-45,-64,39
-43,-60,37
-44,-60,37
-46,-60,38
-47,-60,38
-46,-57,37
-48,-59,38
-70,-83,54
-108,-125,83
-110,-124,84
-113,-124,85
-116,-124,85
-66,-69,48
-52,-53,37
-52,-52,37
-51,-51,35
-51,-52,36
-49,-51,35
-48,-51,34
-48,-53,35
-48,-55,36
-50,-58,37
-89,-105,67
-107,-131,82
-104,-131,82
-102,-131,81
-100,-131,80
-51,-69,42
-44,-60,36
-43,-61,36
-43,-62,37
-42,-63,37
-41,-63,37
-40,-64,37
-40,-65,37
-39,-66,37
-39,-67,38
-39,-68,38
-38,-68,38
-37,-70,39
-37,-71,39
-36,-71,39
-35,-71,39
-35,-74,40
-34,-75,40
-34,-76,41
-33,-78,41
-32,-77,41
-32,-79,42
-31,-80,42
-30,-81,42
-29,-81,42
-28,-82,43
-28,-84,43
-27,-84,43
-26,-87,44
-25,-85,43
-24,-88,45
-24,-91,46
-25,-101,51
-25,-105,53
-24,-108,54
-24,-113,57
-22,-113,56
-21,-110,55
-19,-110,54
-18,-110,54
-16,-108,54
-15,-110,54
-13,-109,54
-12,-108,53
-11,-108,53
-9,-107,53
-8,-108,53
-7,-107,52
-5,-107,52
-4,-107,52
-3,-106,52
-1,-106,52
0,-107,52
0,-105,48
-1,-107,49
-3,-106,49
-4,-107,49
-5,-107,49
-7,-107,49
-8,-107,49
-9,-108,50
-11,-108,50
-12,-108,50
-13,-107,50
-15,-109,50
-16,-108,50
-17,-109,50
-19,-108,50
-20,-109,51
-22,-110,51
-24,-112,52
-26,-115,54
-27,-113,53
-26,-102,48
-25,-95,45
-26,-96,45
-27,-93,44
-29,-94,45
-28,-89,43
-30,-91,44
-30,-89,43
-32,-88,43
-32,-86,42
-33,-85,42
-33,-84,41
-34,-82,41
-35,-83,41
-35,-80,40
-36,-79,40
-37,-78,40
-37,-77,39
-38,-76,39
-39,-76,39
-40,-75,39
-39,-72,37
-40,-71,37
-40,-68,36
-42,-69,37
-42,-68,37
-42,-66,36
-42,-65,35
-42,-63,35
-44,-64,36
-44,-62,35
-44,-60,34
-45,-61,35
-46,-60,35
-46,-59,35
-47,-59,35
-49,-60,35
-52,-62,37
-107,-124,75
-111,-126,77
-111,-123,76
-65,-70,44
-51,-54,34
-52,-53,34
-51,-51,33
-50,-50,31
-50,-51,32
-50,-53,32
-48,-52,31
-48,-53,32
-48,-55,32
-50,-57,34
-46,-55,32
-63,-77,44
-67,-84,47
-60,-77,43
-51,-67,37
-46,-62,34
-42,-59,32
-43,-61,33
-43,-63,34
-43,-64,34
-41,-64,34
-41,-65,34
-40,-65,34
-39,-66,34
-38,-66,34
-38,-68,34
-38,-69,35
-38,-71,36
-37,-71,35
-37,-73,36
-35,-72,36
-35,-74,36
-34,-74,36
-34,-76,37
-33,-77,37
-33,-79,38
-32,-79,38
-31,-79,38
-31,-84,40
-30,-83,39
-29,-84,39
-28,-84,39
-27,-86,40
-27,-88,41
-26,-89,41
-25,-90,41
-24,-91,42
-23,-92,42
-22,-93,43
-21,-94,43
-21,-97,44
-20,-99,45
-19,-100,45
-18,-101,45
-18,-110,49
-17,-114,51
-16,-114,51
-14,-113,50
-12,-110,49
-11,-110,49
-9,-108,48
-8,-108,48
-7,-109,49
-5,-109,48
-4,-108,48
-3,-108,48
-1,-107,47
0,-108,48
0,-107,44
-1,-107,44
-3,-107,44
-4,-107,44
-5,-108,45
-7,-107,44
-8,-108,45
-9,-109,45
-11,-108,45
-12,-108,45
-13,-108,45
-15,-112,47
-17,-113,47
-18,-111,47
-19,-108,46
-20,-105,44
-21,-104,44
-22,-106,45
-23,-103,44
-24,-101,43
-25,-101,43
-25,-96,41
-27,-98,42
-28,-96,41
-28,-94,41
-29,-91,39
-30,-90,39
-30,-88,39
-31,-88,39
-33,-87,39
-33,-85,38
-34,-85,38
-34,-81,36
-35,-82,37
-35,-79,36
-36,-78,36
-37,-78,36
-37,-76,35
-37,-74,34
-37,-71,33
-40,-75,35
-39,-71,34
-40,-70,33
-41,-70,34
-41,-69,33
-42,-68,33
-42,-66,32
-42,-65,32
-43,-65,32
-43,-63,32
-44,-63,32
-45,-63,32
-45,-61,31
-45,-59,31
-46,-59,31
-46,-58,31
-47,-58,31
-54,-64,34
-65,-75,41
-56,-64,35
-65,-71,40
-55,-59,33
-52,-54,31
-50,-51,29
-48,-48,28
-49,-49,28
-50,-51,29
-47,-49,27
-49,-52,29
-47,-52,28
-47,-54,29
-48,-56,29
-48,-58,30
-58,-71,37
-57,-72,37
-60,-77,39
-52,-69,35
-45,-60,30
-43,-59,29
-43,-61,30
-43,-62,30
-42,-63,30
-41,-63,30
-41,-64,30
-41,-66,31
-40,-66,31
-39,-67,31
-39,-69,32
-38,-68,31
-37,-69,31
-36,-70,32
-36,-71,32
-36,-73,33
-35,-74,33
-34,-74,33
-34,-77,34
-32,-74,32
-33,-79,34
-32,-79,34
-31,-80,34
-31,-83,35
-29,-81,35
-28,-83,35
-27,-83,35
-27,-85,36
-26,-87,36
-26,-89,37
-25,-91,38
-24,-91,38
-23,-94,39
-23,-95,39
-21,-95,39
-21,-97,40
-20,-99,40
-19,-100,41
-17,-101,41
-17,-103,42
-15,-104,42
-14,-104,42
-13,-108,43
-12,-111,45
-11,-111,45
-10,-112,45
-8,-114,46
-7,-114,46
-5,-110,44
-4,-109,43
-3,-110,44
-1,-109,43
0,-109,43
0,-107,40
-1,-107,40
-3,-108,40
-4,-107,40
-5,-109,40
-7,-108,40
-8,-108,40
-9,-108,40
-11,-108,40
-13,-113,42
-14,-113,42
-15,-112,42
-16,-110,41
-17,-108,41
-19,-108,41
-20,-108,41
-21,-108,41
-22,-104,39
-23,-103,39
-24,-101,39
-25,-100,38
-26,-99,38
-27,-98,38
-27,-95,37
-29,-94,37
-28,-89,35
-30,-90,35
-30,-89,35
-31,-86,34
-32,-85,34
-32,-84,33
-33,-84,33
-34,-81,33
-34,-80,32
-35,-80,32
-36,-78,32
-36,-77,32
-37,-75,31
-37,-73,30
-38,-73,31
-38,-72,30
-39,-71,30
-40,-71,30
-40,-69,30
-41,-68,30
-41,-66,29
-41,-65,29
-41,-64,28
-43,-64,29
-42,-62,28
-44,-62,28
-44,-61,28
-44,-59,28
-45,-60,28
-47,-60,28
-46,-58,28
-48,-58,28
-50,-60,29
-64,-75,37
-69,-78,39
-69,-76,38
-61,-66,33
-50,-53,27
-54,-55,29
-50,-50,26
-49,-49,25
-50,-51,26
-49,-51,25
-47,-51,25
-47,-52,25
-46,-51,25
-46,-53,25
-43,-51,24
-63,-76,35
-63,-79,36
-59,-76,34
-47,-62,28
-45,-61,27
-43,-60,26
-43,-61,27
-43,-62,27
-41,-62,27
-41,-63,27
-41,-64,27
-41,-66,28
-40,-66,28
-39,-68,28
-39,-68,28
-39,-70,29
-37,-70,28
-37,-72,29
-36,-72,29
-36,-74,30
-34,-72,29
-35,-75,30
-33,-75,29
-33,-76,30
-32,-77,30
-32,-80,31
-31,-81,31
-30,-80,31
-29,-82,31
-29,-85,32
-27,-83,31
-27,-84,32
-27,-88,33
-25,-88,33
-25,-89,33
-24,-92,34
-24,-94,35
-22,-94,35
-21,-95,35
-21,-98,36
-20,-99,36
-19,-101,37
-17,-100,36
-17,-104,38
-15,-102,37
-15,-107,39
-13,-107,39
-12,-109,39
-11,-110,39
-9,-110,39
-8,-111,40
-7,-111,40
-5,-111,40
-4,-108,39
-3,-108,39
-1,-107,38
0,-108,39
0,-108,36
-1,-107,35
-3,-108,36
-4,-107,35
-5,-107,35
-7,-108,36
-8,-108,36
-9,-109,36
-11,-109,36
-13,-113,38
-14,-112,37
-15,-113,38
-16,-110,37
-18,-110,37
-19,-109,36
-20,-107,36
-21,-105,35
-22,-103,35
-23,-102,35
-24,-100,34
-25,-99,34
-25,-96,33
-27,-97,33
-28,-95,33
-28,-94,32
-29,-91,31
-29,-89,31
-30,-88,31
-31,-87,30
-32,-85,30
-33,-86,30
-33,-82,29
-33,-80,29
-35,-81,29
-35,-79,29
-35,-77,28
-37,-77,28
-37,-76,28
-37,-74,27
-39,-75,28
-38,-71,27
-39,-71,27
-39,-69,26
-40,-69,26
-41,-68,26
-40,-65,25
-42,-66,26
-42,-65,26
-42,-62,25
-42,-62,25
-44,-62,25
-44,-61,25
-44,-59,24
-45,-60,25
-45,-58,24
-45,-56,24
-46,-56,24
-53,-63,27
-51,-59,26
-59,-67,29
-59,-65,29
-60,-65,29
-50,-52,24
-51,-52,24
-52,-52,24
-49,-49,22
-47,-48,21
-49,-52,23
-50,-54,23
-46,-51,22
-48,-54,23
-50,-58,24
-45,-53,22
-52,-63,26
-55,-68,28
-50,-65,26
-50,-65,26
-44,-59,23
-43,-59,23
-42,-60,23
-42,-61,24
-43,-64,24
-41,-63,24
-41,-64,24
-40,-64,24
-40,-67,25
-39,-68,25
-39,-69,25
-40,-72,26
-38,-71,25
-37,-71,25
-37,-73,26
-36,-73,26
-35,-73,26
-35,-76,27
-34,-76,26
-33,-78,27
-32,-78,27
-31,-78,27
-31,-81,27
-30,-81,27
-30,-83,28
-29,-85,28
-28,-86,29
-27,-86,29
-27,-88,29
-26,-90,30
-25,-91,30
-25,-93,31
-24,-95,31
-23,-96,31
-22,-97,31
-21,-97,31
-20,-99,32
-18,-99,32
-18,-102,33
-17,-105,34
-16,-105,34
-15,-108,34
-13,-109,35
-12,-111,35
-11,-110,35
-10,-112,36
-8,-112,36
-7,-113,36
-6,-113,36
-4,-109,34
-3,-110,35
-1,-110,35
0,-110,35
0,-109,31
-1,-109,31
-3,-108,31
-4,-109,32
-5,-109,32
-7,-108,31
-8,-109,32
-9,-109,32
-11,-109,32
-12,-113,33
-14,-112,33
-15,-113,33
-17,-113,33
-18,-111,33
-19,-108,32
-20,-109,32
-21,-106,31
-22,-104,31
-23,-103,31
-24,-102,30
-25,-99,30
-26,-98,29
-26,-95,29
-28,-96,29
-28,-94,28
-30,-94,29
-30,-90,28
-31,-90,28
-31,-86,26
-32,-86,26
-33,-85,26
-34,-85,26
-34,-83,26
-35,-81,26
-36,-81,26
-36,-79,25
-35,-74,24
-36,-74,24
-37,-74,24
-38,-72,24
-39,-73,24
-39,-71,23
-39,-69,23
-41,-70,23
-40,-68,23
-42,-68,23
-42,-66,23
-43,-66,23
-44,-65,23
-43,-63,22
-45,-64,23
-43,-60,21
-45,-61,22
-45,-59,21
-46,-59,22
-47,-58,22
-47,-57,21
-48,-57,22
-48,-56,21
-55,-62,24
-53,-58,23
-50,-54,21
-55,-58,23
-52,-54,22
-51,-51,21
-48,-48,19
-50,-52,20
-47,-50,19
-49,-52,20
-48,-53,20
-49,-55,20
-46,-53,19
-50,-60,22
-50,-60,22
-49,-61,22
-54,-69,24
-49,-64,22
-44,-59,20
-43,-60,21
-43,-61,21
-43,-63,21
-43,-64,21
-42,-64,21
-42,-66,22
-41,-66,22
-40,-66,21
-40,-69,22
-38,-68,22
-39,-70,22
-39,-73,23
-37,-72,22
-36,-72,22
-36,-74,23
-35,-73,22
-35,-75,23
-34,-77,23
-33,-78,23
-32,-78,23
-32,-80,24
-31,-80,24
-31,-83,25
-30,-83,25
-29,-85,25
-28,-86,25
-28,-88,26
-27,-89,26
-26,-90,26
-25,-91,26
-25,-93,27
-24,-94,27
-23,-98,28
-22,-99,28
-20,-95,27
-20,-100,28
-19,-103,29
-18,-104,29
-17,-104,29
-16,-105,29
-15,-107,30
-13,-106,30
-12,-111,31
-11,-109,30
-10,-111,31
-8,-111,31
-7,-114,31
-5,-112,31
-4,-110,30
-3,-110,30
-1,-109,30
0,-109,30
0,-109,27
-1,-110,27
-3,-109,27
-4,-110,27
-5,-109,27
-7,-109,27
-8,-110,28
-9,-108,27
-11,-110,28
-13,-113,28
-14,-112,28
-15,-113,29
-17,-111,28
-18,-111,28
-19,-112,28
-20,-108,27
-21,-105,27
-22,-104,27
-23,-102,26
-24,-101,26
-25,-102,26
-26,-98,26
-27,-96,25
-28,-96,25
-28,-94,25
-29,-92,24
-30,-89,24
-30,-88,23
-32,-89,24
-32,-86,23
-32,-84,23
-33,-84,23
-35,-83,23
-35,-82,22
-35,-79,22
-36,-78,22
-37,-78,22
-37,-77,21
-38,-76,21
-38,-73,21
-39,-74,21
-40,-72,21
-41,-72,21
-41,-70,20
-40,-67,20
-42,-69,20
-43,-68,20
-42,-65,19
-43,-64,19
-43,-63,19
-45,-63,19
-45,-62,19
-45,-61,19
-45,-59,19
-47,-60,19
-47,-59,19
-47,-58,19
-51,-60,20
-51,-59,20
-53,-60,20
-53,-58,20
-50,-54,18
-51,-53,18
-51,-52,18
-49,-49,17
-50,-50,17
-49,-50,17
-51,-54,18
-49,-53,17
-48,-53,17
-48,-55,17
-47,-55,17
-49,-58,18
-52,-64,20
-52,-65,20
-48,-62,19
-49,-65,19
-45,-61,18
-43,-60,18
-44,-62,18
-43,-63,18
-42,-62,18
-41,-64,18
-42,-66,18
-41,-66,18
-41,-68,19
-40,-68,19
-39,-69,19
-38,-70,19
-38,-70,19
-38,-73,19
-36,-72,19
-37,-75,20
-35,-74,19
-34,-75,20
-35,-78,20
-33,-78,20
-32,-77,20
-32,-80,21
-32,-82,21
-31,-84,21
-30,-84,21
-29,-86,21
-28,-86,21
-27,-86,21
-27,-89,22
-27,-92,23
-25,-92,23
-25,-95,23
-24,-95,23
-23,-98,24
-22,-100,24
-21,-99,24
-20,-100,24
-19,-102,25
-18,-103,25
-17,-104,25
-16,-108,26
-15,-108,26
-13,-109,26
-13,-113,27
-11,-114,27
-10,-113,27
-8,-114,27
-7,-113,27
-6,-114,27
-4,-111,26
-3,-110,26
-1,-111,26
0,-110,26
0,-110,23
-1,-110,23
-3,-110,23
-4,-110,23
-5,-110,23
-7,-110,23
-8,-110,23
-9,-110,23
-11,-110,23
-13,-114,24
-14,-113,24
-15,-113,24
-17,-113,24
-18,-111,24
-19,-111,24
-20,-110,24
-21,-107,23
-22,-105,23
-23,-104,23
-25,-104,23
-25,-100,22
-26,-98,22
-27,-98,22
-28,-96,21
-29,-95,21
-29,-91,20
-30,-91,20
-30,-88,20
-32,-89,20
-32,-86,19
-33,-86,19
-34,-84,19
-34,-83,19
-35,-82,19
-37,-83,19
-35,-76,18
-37,-78,18
-37,-76,18
-37,-73,17
-39,-76,18
-39,-73,18
-40,-72,17
-41,-72,17
-39,-68,17
-39,-65,16
-41,-67,17
-41,-65,16
-42,-64,16
-42,-63,16
-43,-63,16
-44,-62,16
-45,-62,16
-46,-62,16
-45,-59,16
-46,-59,16
-46,-58,16
-47,-57,16
-54,-64,18
-55,-64,18
-58,-65,18
-57,-62,18
-48,-52,15
-47,-49,14
-51,-52,15
-48,-48,14
-49,-49,14
-49,-51,14
-47,-49,13
-48,-52,14
-47,-52,14
-47,-54,14
-46,-53,14
-49,-58,15
-54,-65,17
-56,-70,18
-51,-66,17
-48,-62,16
-46,-61,15
-44,-60,15
-43,-62,15
-42,-61,15
-41,-62,15
-41,-63,15
-41,-65,15
-40,-64,15
-38,-64,15
-38,-64,15
-38,-67,15
-36,-66,15
-37,-68,15
-36,-69,15
-34,-68,15
-34,-70,15
-34,-73,16
-34,-74,16
-34,-76,17
-33,-78,17
-33,-80,17
-32,-79,17
-31,-81,17
-31,-83,18
-30,-84,18
-29,-85,18
-28,-86,18
-28,-89,19
-27,-88,18
-26,-89,19
-25,-92,19
-24,-93,19
-24,-94,19
-23,-97,20
-22,-97,20
-21,-97,20
-20,-100,20
-19,-103,21
-18,-103,21
-17,-104,21
-16,-106,21
-15,-107,21
-14,-110,22
-12,-111,22
-11,-111,22
-10,-111,22
-8,-113,23
-7,-111,22
-6,-113,22
-4,-111,22
-3,-110,22
-1,-110,22
0,-109,22
0,-109,19
-1,-109,19
-3,-108,19
-4,-109,19
-5,-109,19
-7,-108,19
-8,-110,19
-9,-109,19
-11,-110,19
-12,-113,20
-14,-110,19
-15,-112,20
-16,-110,19
-18,-110,19
-19,-111,19
-20,-109,19
-21,-106,19
-22,-106,19
-23,-104,18
-24,-101,18
-25,-99,18
-26,-98,18
-27,-98,18
-27,-95,17
-28,-93,17
-29,-93,17
-30,-92,17
-30,-88,16
-32,-89,16
-32,-86,16
-33,-86,16
-33,-83,16
-35,-85,16
-35,-82,15
-35,-79,15
-36,-79,15
-37,-78,15
-37,-75,15
-37,-74,14
-38,-73,14
-39,-72,14
-38,-69,14
-38,-68,14
-38,-65,13
-37,-63,13
-39,-63,13
-38,-61,12
-38,-59,12
-40,-60,12
-42,-62,13
-44,-62,13
-44,-61,13
-45,-60,13
-45,-60,13
-46,-59,13
-46,-58,13
-48,-58,13
-49,-58,13
-55,-63,15
-58,-66,15
-56,-62,15
-56,-60,14
-52,-55,13
-52,-54,13
-50,-50,12
-50,-50,11
-48,-49,11
-48,-50,11
-47,-51,11
-47,-52,11
-48,-54,12
-48,-55,12
-51,-61,13
-51,-63,13
-51,-63,13
-50,-64,13
-42,-56,11
-45,-60,12
-43,-60,12
-44,-62,12
-42,-62,12
-42,-63,12
-41,-64,12
-41,-64,12
-40,-66,12
-37,-61,11
-34,-59,11
-34,-59,11
-33,-60,11
-32,-59,11
-34,-65,12
-34,-67,12
-33,-67,12
-35,-73,13
-35,-75,13
-34,-78,14
-33,-78,14
-33,-80,14
-32,-81,14
-32,-83,14
-31,-82,14
-30,-84,14
-30,-86,15
-28,-85,14
-28,-88,15
-27,-90,15
-26,-91,15
-25,-91,15
-25,-95,16
-24,-96,16
-23,-96,16
-22,-100,17
-21,-98,16
-20,-102,17
-19,-102,17
-18,-104,17
-17,-107,17
-16,-107,17
-15,-109,18
-14,-111,18
-12,-111,18
-11,-111,18
-10,-113,18
-8,-111,18
-7,-109,18
-5,-111,18
-4,-110,18
-3,-111,18
-1,-111,18
0,-110,18
0,-110,15
-1,-109,15
-3,-110,15
-4,-110,15
-5,-110,15
-7,-110,15
-8,-112,15
-10,-111,15
-11,-111,15
-13,-113,15
-13,-108,15
-15,-109,15
-16,-106,15
-17,-108,15
-19,-108,15
-20,-108,15
-21,-107,15
-22,-106,15
-23,-104,15
-24,-102,14
-25,-99,14
-26,-99,14
-26,-96,13
-28,-95,13
-28,-94,13
-29,-93,13
-30,-91,13
-30,-88,13
-32,-89,13
-32,-86,13
-34,-87,13
-34,-85,12
-34,-82,12
-35,-82,12
-35,-79,12
-35,-77,12
-37,-78,12
-37,-76,11
-37,-73,11
-37,-71,11
-39,-73,11
-34,-62,10
-33,-58,9
-33,-57,9
-33,-55,9
-34,-55,9
-34,-54,9
-35,-53,9
-37,-55,9
-40,-58,10
-42,-59,10
-44,-61,10
-44,-60,10
-45,-59,10
-46,-59,10
-46,-58,10
-48,-59,10
-53,-63,11
-56,-65,12
-58,-66,12
-57,-62,11
-52,-56,10
-51,-53,10
-47,-48,9
-52,-52,10
-48,-48,8
-47,-48,8
-49,-51,9
-47,-50,8
-46,-51,8
-47,-54,9
-47,-55,9
-45,-54,9
-54,-66,11
-55,-69,11
-50,-64,10
-47,-62,10
-43,-57,9
-44,-60,9
-43,-62,9
-43,-62,9
-41,-61,9
-42,-64,9
-40,-63,9
-40,-64,9
-36,-60,9
-33,-57,8
-31,-55,8
-31,-56,8
-30,-56,8
-29,-56,8
-29,-58,8
-29,-59,8
-31,-65,9
-33,-71,10
-33,-75,10
-32,-76,10
-33,-80,11
-33,-82,11
-32,-82,11
-30,-82,11
-30,-84,11
-29,-85,11
-29,-87,11
-28,-88,11
-27,-89,12
-26,-91,12
-26,-94,12
-25,-94,12
-24,-94,12
-23,-96,12
-22,-97,12
-20,-96,12
-20,-99,12
-19,-100,13
-18,-103,13
-17,-108,13
-16,-107,13
-15,-109,14
-14,-110,14
-12,-110,14
-11,-108,13
-9,-100,12
-8,-102,13
-6,-105,13
-6,-112,14
-4,-111,14
-3,-111,14
-1,-112,14
0,-110,14
0,-110,11
-1,-110,11
-3,-110,11
-4,-111,11
-5,-110,11
-7,-109,11
-8,-110,11
-8,-98,10
-9,-95,9
-11,-96,10
-12,-96,10
-13,-95,9
-14,-95,10
-16,-98,10
-18,-106,11
-20,-109,11
-21,-105,11
-22,-102,10
-23,-104,10
-24,-102,10
-24,-98,10
-25,-96,10
-27,-97,10
-27,-93,10
-28,-93,10
-29,-92,10
-29,-89,9
-31,-89,9
-31,-87,9
-33,-89,9
-33,-85,9
-33,-83,9
-34,-83,9
-34,-80,9
-35,-80,9
-36,-80,9
-36,-76,8
-38,-78,9
-37,-73,8
-37,-72,8
-34,-64,7
-32,-58,6
-31,-55,6
-32,-55,6
-32,-54,6
-33,-53,6
-35,-55,6
-35,-54,6
-36,-55,6
-39,-57,7
-41,-58,7
-40,-55,7
-40,-54,7
-42,-55,7
-46,-59,7
-47,-58,7
-48,-58,7
-47,-56,7
-48,-56,7
-56,-63,8
-60,-66,9
-54,-58,8
-47,-49,7
-50,-51,7
-51,-51,7
-53,-53,6
-53,-54,7
-51,-53,6
-59,-64,7
-54,-59,7
-48,-54,6
-44,-51,6
-47,-56,6
-54,-66,7
-55,-69,8
-49,-63,7
-46,-61,7
-43,-58,6
-42,-58,6
-43,-61,6
-41,-60,6
-38,-57,6
-37,-57,6
-36,-56,6
-34,-56,6
-34,-57,6
-32,-55,5
-32,-56,6
-30,-54,5
-31,-57,6
-29,-57,5
-29,-57,5
-28,-58,6
-29,-60,6
-30,-65,6
-34,-76,7
-33,-78,7
-32,-77,7
-33,-81,8
-32,-84,8
-31,-84,8
-29,-81,7
-29,-86,8
-28,-86,8
-28,-89,8
-27,-91,8
-27,-92,8
-25,-91,8
-25,-95,8
-23,-94,8
-23,-96,8
-22,-100,9
-21,-98,9
-20,-101,9
-19,-102,9
-18,-105,9
-17,-104,9
-16,-106,9
-15,-109,9
-14,-111,10
-12,-107,9
-10,-101,9
-8,-98,8
-7,-97,8
-6,-96,8
-5,-98,8
-4,-99,8
-2,-101,9
-1,-113,10
0,-111,10
0,-111,7
-1,-111,7
-3,-111,7
-4,-111,7
-5,-111,7
-7,-112,7
-8,-112,7
-9,-100,6
-9,-95,6
-11,-95,6
-12,-95,6
-13,-95,6
-14,-95,6
-16,-99,6
-19,-107,7
-21,-115,7
-23,-114,7
-24,-113,7
-25,-110,7
-27,-112,7
-27,-109,7
-28,-106,7
-30,-109,7
-29,-101,6
-32,-107,7
-35,-111,7
-37,-113,7
-40,-115,7
-40,-113,7
-43,-115,8
-39,-101,7
-46,-114,8
-37,-89,6
-44,-103,7
-44,-96,6
-39,-82,6
-43,-89,6
-39,-78,5
-30,-58,4
-29,-55,4
-29,-53,4
-31,-56,4
-31,-53,4
-33,-55,4
-33,-54,4
-33,-52,4
-34,-53,4
-37,-55,4
-37,-54,4
-37,-53,4
-39,-54,4
-40,-54,4
-42,-56,4
-47,-61,5
-47,-58,5
-42,-52,4
-50,-60,5
-49,-57,5
-52,-58,5
-60,-66,5
-59,-64,5
-60,-63,5
-60,-61,5
-61,-61,5
-61,-61,4
-59,-60,4
-59,-61,4
-57,-61,4
-54,-59,4
-59,-67,4
-57,-66,4
-53,-63,4
-51,-63,4
-51,-63,4
-47,-61,4
-50,-65,4
-47,-63,4
-43,-59,4
-39,-56,3
-38,-55,3
-37,-55,3
-36,-56,3
-34,-54,3
-34,-54,3
-33,-55,3
-32,-54,3
-31,-54,3
-30,-55,3
-30,-55,3
-29,-57,3
-29,-57,3
-31,-63,3
-36,-76,4
-41,-90,5
-47,-106,6
-41,-96,5
-42,-102,5
-44,-109,6
-41,-106,6
-39,-105,5
-40,-111,6
-41,-119,6
-39,-119,6
-37,-116,6
-35,-116,6
-35,-121,6
-32,-116,6
-31,-119,6
-29,-117,6
-27,-112,6
-26,-114,6
-24,-112,6
-22,-111,6
-22,-116,6
-20,-114,6
-18,-113,6
-17,-114,6
-15,-109,5
-12,-98,5
-11,-95,5
-9,-94,5
-8,-93,5
-7,-95,5
-6,-96,5
-5,-108,5
-4,-111,5
-3,-111,5
-1,-111,5
0,-109,5
0,-108,3
-1,-108,3
-3,-108,3
-4,-108,3
-5,-109,3
-7,-109,3
-8,-109,3
-9,-110,3
-10,-98,2
-10,-94,2
-12,-94,2
-12,-85,2
-14,-94,2
-15,-93,2
-18,-102,3
-21,-113,3
-22,-111,3
-24,-111,3
-25,-111,3
-27,-112,3
-28,-111,3
-29,-111,3
-31,-114,3
-32,-111,3
-34,-113,3
-36,-114,3
-38,-115,3
-39,-114,3
-42,-117,3
-42,-114,3
-43,-111,3
-47,-117,3
-45,-109,3
-41,-95,3
-43,-97,3
-50,-108,3
-51,-108,3
-51,-104,3
-50,-100,3
-50,-96,3
-49,-92,3
-38,-69,2
-34,-59,2
-32,-55,2
-33,-56,2
-34,-55,2
-35,-55,2
-35,-54,2
-36,-54,2
-37,-54,2
-38,-54,2
-41,-57,2
-41,-55,2
-44,-57,2
-50,-65,2
-59,-73,2
-60,-73,2
-57,-67,2
-56,-65,2
-58,-65,2
-58,-64,2
-60,-64,2
-59,-62,2
-59,-60,2
-61,-61,2
-57,-57,1
-57,-58,1
-57,-60,1
-52,-56,1
-56,-62,1
-55,-62,1
-57,-66,1
-54,-64,1
-55,-66,1
-52,-66,1
-54,-69,1
-53,-70,1
-51,-68,1
-54,-75,1
-54,-76,1
-45,-65,1
-39,-58,1
-36,-55,1
-35,-56,1
-35,-56,1
-32,-54,1
-32,-54,1
-31,-55,1
-31,-56,1
-29,-55,1
-30,-58,1
-29,-57,1
-30,-61,1
-35,-75,1
-45,-99,1
-46,-104,1
-44,-102,1
-43,-104,1
-42,-106,1
-42,-110,1
-36,-96,1
-34,-94,1
-40,-115,1
-39,-117,2
-36,-113,1
-35,-116,1
-33,-115,1
-32,-116,1
-30,-114,1
-28,-113,1
-27,-112,1
-23,-102,1
-21,-100,1
-20,-102,1
-20,-105,1
-19,-110,1
-18,-111,1
-16,-111,1
-15,-112,1
-13,-108,1
-10,-94,1
-9,-91,1
-8,-91,1
-7,-89,1
-5,-86,1
-4,-84,1
-3,-88,1
-3,-105,1
-1,-108,1
0,-108,1
0,-102,-1
-1,-102,-1
-3,-103,-1
-4,-101,-1
-5,-102,-1
-6,-102,-1
-7,-101,-1
-8,-96,-1
-9,-91,-1
-10,-86,-1
-11,-87,-1
-12,-89,-1
-13,-90,-1
-14,-89,-1
-16,-91,-1
-20,-105,-1
-22,-110,-1
-24,-112,-1
-24,-106,-1
-23,-95,-1
-24,-95,-1
-25,-95,-1
-26,-95,-1
-28,-96,-1
-31,-101,-1
-35,-111,-1
-37,-113,-1
-39,-114,-1
-40,-113,-1
-42,-112,-1
-43,-111,-1
-46,-115,-2
-42,-103,-1
-38,-88,-1
-41,-93,-1
-48,-105,-1
-50,-105,-1
-50,-103,-1
-49,-98,-1
-52,-99,-1
-50,-94,-1
-36,-66,-1
-32,-57,-1
-32,-55,-1
-33,-56,-1
-34,-54,-1
-33,-52,-1
-35,-54,-1
-37,-55,-1
-37,-54,-1
-39,-56,-1
-50,-70,-1
-51,-68,-1
-55,-72,-1
-52,-66,-1
-56,-69,-1
-56,-69,-1
-59,-70,-1
-57,-67,-1
-54,-61,-1
-58,-64,-1
-56,-61,-1
-57,-59,-1
-57,-58,-1
-59,-59,-1
-0,-0,84
