-66,-66,93
-65,-67,93
-65,-68,94
-64,-69,94
-63,-70,94
-63,-72,95
-63,-73,96
-62,-74,97
-61,-75,97
-62,-77,99
-61,-79,100
-61,-80,100
-61,-83,103
-61,-85,105
-61,-87,107
-61,-89,107
-61,-92,110
-61,-93,111
-60,-95,112
-60,-98,115
-60,-100,117
-60,-103,119
-59,-104,120
-57,-104,119
-56,-105,119
-54,-104,117
-53,-105,117
-51,-104,116
-49,-104,115
-48,-104,115
-46,-104,114
-45,-105,114
-43,-105,113
-42,-104,112
-40,-104,112
-38,-103,110
-37,-103,109
-35,-102,108
-33,-101,107
-32,-102,107
-31,-101,106
-29,-101,105
-28,-102,105
-27,-101,105
-25,-102,105
-24,-101,104
-23,-101,103
-22,-102,104
-20,-102,104
-19,-102,104
-18,-101,103
-16,-102,103
-15,-102,103
-14,-102,103
-12,-101,102
-11,-101,102
-10,-102,103
-9,-101,102
-7,-102,102
-6,-103,103
-5,-102,102
-4,-101,101
-2,-102,102
-1,-101,101
0,-100,100
0,-102,97
-1,-103,98
-2,-101,97
-4,-101,97
-5,-100,95
-6,-101,97
-7,-101,97
-9,-101,97
-10,-100,96
-11,-101,97
-12,-101,97
-14,-101,97
-15,-100,97
-16,-100,97
-17,-101,97
-19,-100,97
-20,-100,97
-21,-100,97
-22,-100,97
-24,-99,97
-25,-99,97
-26,-99,98
-28,-100,99
-29,-99,98
-30,-99,99
-31,-99,99
-33,-99,99
-34,-99,100
-35,-99,100
-37,-98,100
-38,-98,100
-40,-99,101
-41,-98,101
-43,-99,103
-44,-99,103
-45,-98,103
-47,-100,105
-49,-100,105
-50,-100,106
-51,-99,106
-53,-99,107
-55,-100,108
-56,-99,108
-58,-99,110
-60,-99,110
-61,-99,111
-62,-99,111
-64,-98,111
-64,-96,110
-64,-94,108
-65,-92,107
-65,-90,105
-65,-87,103
-65,-86,103
-65,-83,100
-63,-79,97
-64,-78,96
-64,-76,94
-64,-75,94
-65,-73,93
-64,-71,91
-64,-69,90
-64,-67,88
-64,-66,88
-65,-65,87
-64,-64,84
-64,-66,85
-63,-66,84
-62,-67,85
-62,-68,85
-62,-70,86
-61,-70,86
-60,-71,86
-59,-72,86
-58,-72,86
-56,-72,85
-54,-71,83
-53,-71,82
-52,-71,82
-50,-71,81
-48,-69,78
-46,-69,77
-44,-67,74
-42,-66,73
-39,-64,69
-38,-63,68
-37,-63,68
-35,-61,65
-34,-62,66
-34,-63,66
-32,-62,65
-31,-62,65
-31,-63,65
-29,-61,63
-28,-61,63
-27,-62,63
-26,-60,61
-25,-61,61
-24,-61,61
-24,-62,62
-23,-62,61
-23,-64,63
-23,-66,65
-22,-65,64
-21,-65,63
-20,-65,63
-19,-65,63
-18,-65,63
-17,-65,63
-16,-65,63
-16,-66,63
-15,-66,63
-14,-67,63
-13,-67,63
-12,-66,63
-12,-66,63
-11,-68,64
-10,-67,63
-9,-67,63
-8,-67,63
-7,-66,61
-7,-67,63
-6,-70,65
-0,-0,96
-0,-0,96
-4,-67,63
-3,-67,62
-2,-67,63
-2,-67,62
-1,-67,63
0,-67,63
0,-66,58
-1,-67,60
-2,-68,60
-3,-68,60
-3,-67,59
-4,-66,58
-5,-64,57
-6,-65,58
-7,-66,59
-7,-65,58
-8,-65,58
-9,-66,59
-10,-66,59
-11,-66,59
-11,-66,59
-12,-66,59
-13,-65,59
-14,-64,58
-15,-67,60
-16,-66,60
-17,-66,60
-18,-67,61
-18,-66,60
-19,-66,61
-20,-65,60
-21,-66,62
-21,-65,60
-22,-64,60
-23,-64,60
-24,-64,60
-25,-64,61
-25,-63,60
-26,-64,61
-27,-63,60
-28,-64,62
-29,-63,62
-30,-64,62
-31,-64,63
-32,-63,62
-33,-64,64
-34,-63,64
-35,-64,65
-36,-63,64
-37,-63,64
-38,-64,66
-39,-63,65
-40,-63,66
-40,-62,66
-41,-61,65
-42,-61,66
-43,-61,66
-44,-61,66
-45,-61,67
-46,-60,67
-47,-60,67
-47,-59,67
-49,-60,68
-50,-60,69
-51,-60,70
-53,-60,71
-55,-61,72
-55,-59,72
-57,-60,73
-58,-59,73
-60,-60,76
-61,-61,74
-60,-62,74
-60,-63,75
-58,-63,74
-57,-63,74
-57,-65,74
-56,-65,74
-55,-65,73
-53,-65,73
-52,-65,72
-50,-64,70
-50,-65,71
-48,-65,70
-47,-66,70
-46,-65,69
-45,-65,68
-44,-65,68
-42,-65,67
-42,-66,67
-40,-65,66
-39,-66,66
-38,-65,65
-37,-66,65
-36,-65,64
-35,-65,64
-34,-66,64
-33,-66,63
-32,-65,63
-31,-65,62
-30,-66,63
-29,-66,62
-29,-68,63
-28,-67,63
-27,-67,62
-25,-66,61
-25,-67,61
-24,-67,61
-23,-67,61
-22,-66,60
-21,-66,60
-20,-65,59
-19,-66,59
-18,-66,59
-17,-66,59
-17,-66,59
-16,-66,59
-15,-66,59
-14,-67,59
-13,-68,59
-13,-68,59
-12,-68,59
-11,-67,59
-10,-68,59
-9,-68,59
-8,-66,57
-8,-68,59
-7,-67,58
-6,-67,58
-5,-67,58
-4,-67,57
-3,-67,57
-2,-67,57
-2,-67,57
-1,-65,56
0,-67,57
0,-67,55
-1,-65,53
-2,-66,54
-2,-66,54
-3,-65,53
-4,-65,53
-5,-67,55
-6,-65,54
-6,-65,54
-7,-65,54
-8,-65,54
-9,-66,55
-10,-65,54
-10,-65,54
-12,-68,56
-12,-65,55
-13,-66,55
-14,-65,55
-15,-65,55
-16,-66,56
-16,-64,55
-17,-66,56
-18,-65,55
-19,-65,56
-20,-66,56
-21,-66,56
-21,-65,56
-22,-64,56
-23,-64,56
-24,-65,57
-25,-65,57
-26,-65,57
-27,-65,58
-28,-65,58
-29,-64,58
-30,-65,58
-30,-64,58
-31,-64,58
-32,-64,58
-33,-64,59
-34,-63,59
-35,-64,60
-36,-63,60
-37,-63,60
-38,-63,60
-39,-64,62
-40,-63,62
-41,-63,62
-43,-64,63
-44,-64,63
-45,-63,63
-45,-63,63
-46,-62,63
-48,-63,65
-49,-63,65
-51,-63,67
-52,-63,67
-52,-62,67
-54,-62,67
-55,-62,68
-56,-61,68
-57,-62,69
-58,-60,69
-60,-61,70
-61,-61,71
-63,-63,71
-62,-64,71
-61,-64,71
-60,-65,71
-59,-65,71
-58,-66,70
-56,-65,69
-54,-65,67
-53,-65,67
-52,-65,67
-50,-65,66
-50,-65,66
-48,-65,64
-47,-65,64
-46,-65,64
-45,-65,63
-43,-65,62
-42,-65,62
-41,-64,61
-40,-65,61
-39,-64,60
-37,-64,59
-37,-65,60
-35,-64,58
-34,-64,58
-34,-65,59
-33,-65,58
-32,-65,58
-31,-66,58
-30,-65,57
-29,-66,58
-28,-65,57
-27,-66,57
-26,-66,57
-26,-67,57
-24,-66,56
-24,-66,56
-23,-66,56
-22,-66,56
-21,-67,56
-20,-66,55
-19,-66,55
-19,-67,56
-18,-66,55
-17,-67,55
-16,-66,54
-15,-67,55
-14,-68,56
-13,-67,54
-12,-67,54
-11,-66,54
-11,-66,54
-10,-67,54
-9,-67,54
-8,-67,54
-7,-68,54
-7,-68,54
-6,-66,53
-5,-67,54
-4,-65,52
-3,-66,52
-2,-66,52
-2,-66,52
-1,-65,52
0,-65,52
0,-65,50
-1,-65,50
-2,-65,50
-2,-65,50
-3,-64,48
-4,-64,49
-5,-64,49
-6,-65,50
-6,-64,49
-7,-65,50
-8,-64,49
-9,-64,49
-10,-66,51
-11,-66,51
-11,-65,50
-12,-65,50
-13,-65,50
-14,-65,50
-15,-65,51
-15,-65,51
-16,-66,51
-17,-65,51
-18,-64,50
-18,-63,50
-19,-64,51
-21,-65,52
-21,-65,52
-22,-64,51
-23,-64,52
-24,-64,52
-25,-66,54
-25,-64,52
-27,-65,53
-27,-64,53
-29,-65,54
-29,-64,53
-30,-63,53
-32,-65,55
-32,-64,54
-33,-64,54
-34,-64,55
-35,-64,56
-36,-64,56
-38,-65,57
-38,-63,56
-39,-63,56
-40,-64,58
-41,-63,58
-42,-64,58
-44,-64,59
-45,-64,59
-45,-63,59
-46,-62,59
-47,-62,59
-48,-62,60
-50,-62,61
-50,-62,61
-52,-62,61
-54,-62,62
-55,-62,63
-56,-62,64
-57,-62,64
-59,-62,65
-59,-61,65
-61,-61,65
-62,-62,66
-61,-63,65
-60,-63,64
-60,-64,65
-58,-64,64
-57,-64,64
-55,-64,63
-53,-63,61
-52,-64,61
-52,-65,61
-50,-65,61
-49,-65,60
-48,-65,60
-47,-64,59
-45,-64,58
-45,-66,60
-44,-65,58
-43,-66,58
-41,-65,57
-40,-65,57
-40,-66,57
-38,-66,57
-37,-65,55
-36,-65,55
-35,-66,55
-34,-65,54
-33,-65,54
-32,-66,55
-31,-66,54
-30,-65,53
-29,-66,54
-29,-67,54
-27,-66,53
-26,-66,52
-26,-67,53
-25,-67,53
-24,-67,52
-23,-66,52
-22,-67,52
-21,-67,52
-20,-67,52
-19,-66,51
-18,-66,51
-17,-66,51
-17,-66,51
-16,-66,51
-15,-66,50
-14,-65,49
-13,-65,49
-12,-66,49
-11,-65,49
-11,-66,49
-10,-64,48
-9,-65,49
-8,-65,48
-7,-65,48
-6,-63,47
-6,-65,48
-5,-65,48
-4,-63,47
-3,-65,48
-2,-63,47
-2,-64,48
-1,-64,48
0,-64,48
0,-65,46
-1,-65,45
-2,-65,45
-2,-65,45
-3,-65,45
-4,-65,46
-5,-64,45
-6,-64,45
-6,-65,46
-7,-65,46
-8,-64,45
-9,-66,47
-10,-65,46
-11,-65,47
-11,-66,47
-12,-65,47
-13,-65,47
-14,-64,46
-15,-65,47
-15,-64,47
-16,-64,47
-17,-64,47
-18,-65,47
-19,-65,48
-20,-65,48
-20,-62,46
-21,-64,48
-22,-65,48
-23,-65,49
-24,-64,48
-24,-63,48
-26,-64,48
-26,-63,48
-28,-65,50
-28,-64,50
-29,-63,49
-30,-64,50
-31,-64,50
-32,-64,51
-34,-65,51
-34,-64,51
-36,-65,52
-36,-63,51
-37,-63,51
-38,-64,52
-39,-64,53
-40,-64,53
-41,-63,53
-42,-63,54
-43,-62,53
-44,-63,54
-45,-62,54
-46,-62,55
-48,-63,56
-49,-63,56
-50,-62,56
-51,-63,57
-51,-61,56
-53,-61,57
-54,-61,57
-55,-61,58
-56,-60,58
-58,-61,59
-59,-60,59
-59,-59,59
-47,-47,46
-47,-48,46
-47,-49,46
-49,-53,49
-45,-50,46
-50,-56,51
-46,-53,48
-51,-61,55
-52,-64,57
-52,-65,57
-51,-66,57
-49,-65,56
-49,-66,56
-47,-65,55
-46,-65,55
-45,-65,54
-44,-66,54
-42,-65,53
-41,-65,53
-40,-65,53
-39,-65,52
-39,-66,53
-37,-66,52
-36,-65,51
-35,-66,51
-35,-67,51
-33,-66,50
-32,-66,50
-32,-67,51
-31,-67,51
-30,-67,50
-29,-67,50
-27,-65,48
-27,-67,49
-26,-66,49
-24,-65,48
-24,-67,49
-23,-66,48
-22,-67,49
-21,-67,48
-20,-65,47
-19,-66,47
-18,-65,46
-18,-67,48
-16,-66,46
-16,-67,47
-15,-66,46
-14,-65,45
-13,-66,46
-12,-65,45
-11,-66,46
-11,-66,46
-10,-66,46
-9,-65,45
-8,-65,45
-7,-66,45
-6,-65,45
-6,-66,45
-5,-65,45
-4,-66,45
-3,-65,45
-2,-65,45
-2,-65,45
-1,-66,45
0,-65,45
0,-65,43
-1,-66,43
-2,-65,43
-2,-66,43
-3,-64,42
-4,-65,43
-5,-65,43
-6,-65,43
-6,-65,43
-7,-64,42
-8,-65,43
-9,-66,43
-10,-65,43
-10,-65,43
-11,-64,43
-12,-65,43
-13,-65,43
-14,-64,43
-14,-64,43
-15,-64,43
-16,-65,44
-17,-64,43
-18,-65,44
-19,-65,44
-19,-64,44
-20,-64,44
-21,-64,44
-22,-65,45
-23,-65,45
-24,-64,45
-25,-64,45
-26,-65,46
-27,-64,45
-28,-65,46
-29,-64,46
-29,-64,46
-30,-64,46
-31,-63,46
-32,-64,46
-33,-64,47
-35,-65,48
-36,-65,48
-37,-65,49
-38,-64,49
-38,-64,49
-40,-64,49
-41,-64,50
-41,-63,49
-43,-64,50
-44,-64,50
-44,-62,50
-46,-64,51
-47,-63,51
-48,-63,51
-50,-64,53
-51,-63,53
-51,-62,52
-48,-57,49
-49,-56,49
-49,-55,48
-51,-56,49
-47,-51,45
-47,-49,44
-47,-48,44
-49,-49,45
-48,-48,43
-47,-48,43
-46,-48,42
-47,-50,43
-46,-51,43
-45,-51,43
-45,-52,44
-45,-54,44
-45,-55,45
-45,-57,46
-44,-57,45
-48,-63,50
-47,-64,50
-49,-67,52
-45,-64,49
-45,-65,50
-44,-66,50
-44,-67,51
-42,-67,50
-41,-66,49
-40,-67,50
-40,-69,50
-39,-68,50
-36,-66,48
-36,-67,48
-35,-67,48
-33,-66,47
-31,-65,45
-31,-66,47
-30,-65,45
-29,-66,45
-28,-65,45
-27,-65,44
-26,-64,44
-25,-65,44
-24,-66,44
-23,-65,44
-23,-66,44
-21,-65,43
-21,-66,44
-19,-64,42
-19,-64,42
-18,-65,43
-17,-64,42
-16,-65,42
-16,-66,43
-15,-65,42
-14,-64,42
-13,-64,41
-12,-65,42
-11,-64,41
-10,-65,42
-10,-64,41
-9,-64,41
-8,-64,41
-7,-64,41
-6,-65,41
-6,-65,41
-5,-64,41
-4,-65,41
-3,-64,41
-2,-64,41
-2,-64,41
-1,-65,41
0,-64,41
0,-65,39
-1,-63,38
-2,-64,39
-2,-65,39
-3,-64,39
-4,-64,39
-5,-63,38
-6,-64,39
-6,-65,39
-7,-65,39
-8,-63,38
-9,-64,39
-10,-64,39
-10,-63,38
-11,-63,39
-12,-64,39
-13,-64,39
-14,-65,40
-14,-64,39
-15,-63,39
-16,-64,40
-17,-63,39
-17,-63,39
-18,-63,40
-19,-64,40
-21,-65,41
-21,-64,41
-22,-63,40
-23,-65,41
-24,-64,41
-25,-64,41
-26,-65,42
-26,-63,41
-27,-63,41
-29,-64,42
-30,-65,43
-30,-63,42
-31,-64,43
-32,-64,43
-34,-65,44
-34,-64,44
-35,-64,44
-36,-63,44
-37,-64,44
-38,-64,45
-40,-65,46
-41,-65,46
-42,-64,46
-43,-64,46
-44,-64,47
-46,-66,48
-47,-65,48
-48,-65,48
-46,-61,46
-46,-60,45
-48,-60,46
-47,-57,44
-46,-55,43
-48,-55,44
-48,-55,44
-47,-52,42
-48,-52,43
-47,-50,41
-48,-49,41
-49,-49,42
-48,-48,39
-46,-48,39
-45,-47,38
-45,-49,39
-45,-49,39
-44,-50,39
-45,-52,40
-45,-53,40
-45,-55,41
-44,-55,41
-44,-56,41
-43,-57,42
-44,-59,43
-43,-59,42
-44,-63,45
-43,-62,44
-43,-65,45
-41,-64,44
-43,-67,46
-40,-65,44
-40,-67,45
-39,-66,45
-37,-65,44
-37,-67,45
-36,-67,44
-34,-66,43
-33,-66,43
-31,-64,42
-31,-66,43
-30,-64,41
-29,-65,41
-28,-66,42
-27,-65,41
-26,-66,41
-25,-65,41
-24,-66,41
-23,-65,40
-22,-65,40
-22,-66,41
-21,-66,40
-20,-67,41
-19,-65,39
-18,-66,40
-17,-65,39
-17,-66,40
-16,-66,40
-15,-65,39
-14,-65,39
-13,-64,38
-12,-65,38
-11,-65,38
-10,-65,38
-10,-65,38
-9,-65,38
-8,-63,37
-7,-64,38
-6,-64,38
-6,-65,38
-5,-65,38
-4,-66,38
-3,-65,38
-2,-65,38
-2,-64,37
-1,-65,38
0,-66,38
0,-66,36
-1,-64,35
-2,-67,37
-2,-66,36
-3,-66,36
-4,-65,36
-5,-65,36
-6,-66,37
-6,-65,36
-7,-65,36
-8,-65,36
-9,-65,36
-10,-66,37
-10,-65,36
-11,-65,36
-12,-65,36
-13,-64,36
-14,-64,36
-14,-64,36
-15,-64,36
-16,-65,37
-17,-65,37
-18,-64,37
-19,-64,37
-19,-64,37
-20,-63,36
-21,-64,37
-22,-64,37
-23,-64,38
-24,-64,38
-24,-63,37
-26,-64,38
-26,-64,38
-28,-65,39
-28,-64,39
-29,-64,39
-31,-65,40
-32,-65,40
-33,-65,40
-33,-65,40
-34,-64,40
-35,-64,41
-37,-66,41
-37,-64,41
-38,-64,41
-39,-63,41
-40,-64,41
-42,-64,42
-43,-64,42
-44,-64,42
-45,-64,43
-45,-62,42
-47,-63,43
-47,-61,42
-46,-59,41
-48,-60,42
-48,-58,41
-47,-56,41
-49,-56,41
-48,-54,40
-48,-53,40
-48,-52,39
-48,-51,39
-49,-50,39
-49,-49,38
-49,-49,37
-47,-48,36
-47,-49,36
-47,-50,37
-45,-50,36
-46,-52,37
-47,-55,39
-45,-53,37
-44,-54,37
-44,-55,38
-45,-58,39
-44,-58,39
-44,-59,39
-44,-61,40
-43,-61,40
-43,-63,41
-43,-64,41
-43,-66,42
-42,-66,42
-41,-67,42
-40,-67,41
-39,-67,41
-38,-68,41
-37,-66,41
-36,-67,41
-35,-68,41
-34,-68,41
-32,-66,39
-32,-68,40
-30,-66,39
-29,-66,39
-29,-67,39
-28,-68,39
-27,-66,38
-26,-67,38
-25,-67,38
-24,-67,38
-23,-67,38
-22,-65,37
-21,-66,37
-20,-66,37
-19,-67,37
-18,-65,36
-18,-67,37
-17,-66,36
-15,-65,36
-14,-65,35
-14,-65,35
-13,-67,36
-12,-65,35
-11,-65,35
-11,-66,36
-10,-66,36
-9,-66,36
-8,-65,35
-7,-66,35
-6,-65,35
-6,-65,35
-5,-64,34
-4,-65,35
-3,-66,35
-2,-64,34
-2,-64,34
-1,-65,35
0,-65,35
0,-65,33
-1,-64,32
-2,-65,33
-2,-64,32
-3,-66,33
-4,-65,33
-5,-65,33
-6,-65,33
-6,-66,33
-7,-65,33
-8,-66,33
-9,-65,33
-10,-64,33
-10,-64,33
-11,-65,33
-12,-66,34
-13,-65,33
-14,-64,33
-14,-64,33
-15,-64,33
-16,-64,33
-17,-64,33
-18,-65,34
-19,-64,34
-20,-65,34
-20,-64,34
-21,-64,34
-22,-63,34
-23,-65,35
-24,-64,35
-25,-64,35
-25,-62,34
-27,-64,35
-27,-64,35
-28,-64,35
-29,-63,35
-30,-63,35
-31,-64,36
-32,-63,36
-33,-64,36
-34,-64,36
-35,-64,37
-36,-64,37
-37,-64,37
-38,-64,37
-39,-64,38
-40,-63,38
-40,-61,37
-42,-62,38
-43,-63,38
-45,-64,39
-45,-62,39
-46,-62,39
-47,-62,39
-46,-58,37
-46,-58,37
-46,-57,37
-48,-57,38
-48,-55,37
-49,-55,37
-48,-53,36
-48,-52,36
-47,-50,35
-48,-49,35
-49,-49,35
-48,-48,33
-47,-48,33
-46,-49,33
-46,-49,33
-45,-49,32
-45,-51,33
-44,-51,33
-45,-53,34
-44,-54,34
-44,-55,34
-45,-58,36
-44,-57,35
-44,-59,36
-43,-60,36
-43,-61,36
-43,-63,37
-43,-64,38
-42,-64,37
-41,-65,37
-40,-65,37
-40,-67,38
-39,-67,38
-38,-67,38
-36,-66,37
-36,-67,37
-35,-67,37
-34,-67,37
-32,-65,36
-32,-67,36
-30,-65,35
-29,-66,35
-28,-65,35
-27,-65,34
-26,-66,35
-25,-65,34
-24,-66,34
-23,-65,34
-22,-65,33
-21,-64,33
-20,-63,32
-19,-64,32
-19,-64,32
-18,-64,32
-17,-66,33
-16,-65,32
-15,-63,32
-15,-65,32
-14,-64,32
-13,-65,32
-12,-64,32
-11,-65,32
-10,-64,32
-10,-65,32
-9,-65,32
-8,-64,32
-7,-64,32
-6,-64,32
-5,-64,31
-5,-65,32
-4,-64,31
-3,-65,32
-2,-63,31
-2,-64,31
-1,-64,31
0,-65,32
0,-64,29
-1,-65,30
-2,-64,29
-2,-65,30
-3,-64,29
-4,-64,30
-5,-64,30
-5,-63,29
-6,-63,29
-7,-64,30
-8,-63,29
-9,-63,29
-9,-64,30
-10,-63,29
-11,-64,30
-12,-63,29
-13,-63,30
-13,-63,30
-14,-63,30
-15,-65,30
-16,-64,30
-17,-64,30
-18,-64,30
-19,-65,31
-19,-64,30
-20,-64,31
-21,-63,30
-22,-64,31
-23,-63,31
-23,-63,31
-24,-63,31
-26,-64,32
-27,-65,32
-27,-64,32
-28,-64,32
-29,-64,32
-30,-64,32
-31,-64,32
-32,-64,33
-33,-63,32
-33,-63,32
-35,-64,33
-36,-63,33
-37,-63,33
-38,-64,34
-39,-63,34
-40,-63,34
-41,-62,34
-42,-63,35
-43,-63,35
-43,-62,35
-44,-61,35
-45,-61,35
-46,-61,35
-46,-59,34
-46,-57,34
-46,-56,33
-46,-55,33
-47,-54,33
-48,-54,33
-48,-53,32
-48,-52,32
-48,-50,32
-48,-49,31
-49,-49,32
-47,-47,30
-46,-47,29
-46,-48,30
-45,-48,29
-46,-51,30
-45,-51,30
-45,-53,31
-45,-54,31
-44,-54,31
-45,-56,32
-44,-57,32
-44,-58,32
-44,-59,32
-45,-62,34
-43,-61,33
-42,-62,33
-42,-63,34
-42,-65,34
-42,-66,34
-40,-65,34
-39,-66,34
-40,-68,35
-37,-66,34
-37,-66,34
-35,-66,33
-35,-67,33
-33,-66,33
-32,-66,32
-31,-66,32
-30,-66,32
-29,-66,32
-28,-65,31
-27,-66,32
-26,-65,31
-25,-66,31
-24,-65,31
-23,-65,31
-22,-65,30
-22,-65,30
-21,-65,30
-19,-64,30
-19,-66,30
-18,-64,30
-17,-65,30
-16,-66,30
-15,-65,30
-15,-65,30
-14,-65,30
-13,-64,29
-12,-66,30
-11,-65,29
-10,-65,29
-10,-64,29
-9,-65,29
-8,-66,30
-7,-65,29
-6,-66,29
-6,-66,29
-5,-67,30
-4,-66,29
-3,-66,29
-2,-67,30
-2,-66,29
-1,-65,29
0,-66,29
0,-66,27
-1,-66,27
-2,-66,27
-2,-66,27
-3,-65,27
-4,-65,27
-5,-65,27
-6,-65,27
-6,-65,27
-7,-65,27
-8,-65,27
-9,-65,27
-10,-65,27
-10,-64,27
-11,-66,28
-12,-64,27
-13,-64,27
-14,-64,27
-15,-65,28
-15,-65,28
-16,-65,28
-17,-65,28
-18,-64,28
-19,-64,28
-20,-65,28
-21,-65,28
-21,-65,28
-22,-64,28
-23,-64,28
-24,-64,28
-25,-64,28
-25,-63,28
-26,-63,28
-27,-63,28
-28,-63,29
-29,-64,29
-30,-63,29
-31,-63,29
-32,-64,30
-32,-62,29
-34,-64,30
-35,-64,30
-36,-64,30
-37,-64,31
-38,-63,31
-38,-62,30
-40,-62,31
-40,-62,31
-42,-62,31
-43,-62,31
-44,-62,31
-44,-61,31
-45,-60,31
-46,-61,32
-47,-60,32
-45,-56,30
-46,-56,30
-47,-56,30
-48,-55,30
-48,-54,30
-48,-53,29
-48,-51,29
-48,-51,29
-48,-49,28
-48,-48,28
-48,-48,27
-47,-49,27
-47,-49,27
-46,-50,27
-47,-52,28
-46,-52,28
-45,-53,28
-45,-54,28
-46,-56,29
-45,-56,29
-44,-56,29
-43,-57,29
-43,-58,29
-44,-60,30
-42,-59,29
-43,-63,30
-42,-63,30
-41,-63,30
-40,-63,30
-40,-66,31
-40,-66,31
-38,-66,30
-37,-65,30
-35,-64,29
-35,-65,29
-34,-66,30
-33,-66,29
-32,-66,29
-31,-65,29
-30,-65,29
-29,-65,29
-28,-65,28
-27,-64,28
-26,-65,28
-25,-65,28
-24,-65,28
-23,-65,27
-22,-65,27
-22,-65,27
-20,-65,27
-20,-66,27
-19,-65,27
-18,-65,27
-17,-65,27
-16,-64,26
-15,-65,27
-14,-64,26
-14,-65,27
-13,-66,27
-12,-64,26
-11,-64,26
-10,-64,26
-10,-65,26
-9,-63,26
-8,-65,26
-7,-65,26
-6,-64,26
-6,-65,26
-5,-65,26
-4,-65,26
-3,-65,26
-2,-65,26
-2,-65,26
-1,-65,26
0,-64,26
0,-67,25
-1,-66,24
-2,-66,24
-2,-66,24
-3,-66,24
-4,-65,24
-5,-65,24
-6,-65,24
-6,-65,24
-7,-65,24
-8,-65,24
-9,-64,24
-9,-64,24
-10,-65,24
-11,-65,24
-12,-65,24
-13,-64,24
-14,-64,24
-15,-65,25
-15,-65,25
-16,-65,25
-17,-64,25
-18,-64,25
-19,-65,25
-20,-65,25
-20,-64,25
-21,-65,25
-22,-65,25
-23,-64,25
-24,-65,26
-25,-64,25
-25,-64,25
-27,-64,26
-27,-64,26
-28,-64,26
-30,-65,26
-30,-64,26
-31,-64,26
-32,-64,26
-33,-64,27
-34,-64,27
-36,-65,28
-36,-64,28
-37,-64,28
-39,-64,28
-39,-63,28
-40,-63,28
-41,-64,28
-44,-65,29
-44,-64,29
-45,-64,29
-46,-63,29
-45,-61,28
-45,-60,28
-46,-59,28
-47,-59,28
-46,-57,27
-49,-58,28
-47,-55,27
-47,-53,26
-47,-52,26
-48,-52,26
-48,-51,26
-48,-50,26
-50,-50,26
-48,-48,24
-47,-49,24
-47,-50,25
-47,-51,25
-47,-52,25
-46,-52,25
-46,-53,25
-46,-55,26
-45,-55,25
-45,-56,26
-45,-57,26
-43,-57,26
-44,-59,26
-44,-60,27
-43,-62,27
-43,-63,27
-42,-63,27
-42,-64,27
-41,-64,27
-41,-66,28
-39,-65,27
-38,-66,27
-38,-66,27
-36,-66,27
-36,-66,27
-34,-66,27
-33,-66,27
-32,-65,26
-31,-66,26
-31,-67,26
-30,-67,26
-28,-66,26
-27,-66,26
-27,-66,26
-25,-66,25
-25,-66,25
-24,-66,25
-23,-67,25
-22,-67,25
-21,-66,25
-20,-66,25
-19,-66,25
-18,-65,24
-17,-66,24
-17,-67,25
-16,-66,24
-15,-66,24
-14,-66,24
-13,-66,24
-12,-66,24
-11,-66,24
-11,-67,24
-10,-66,24
-9,-65,24
-8,-66,24
-7,-66,24
-6,-66,24
-6,-66,24
-5,-66,24
-4,-66,24
-3,-66,24
-2,-67,24
-2,-65,23
-1,-65,23
0,-66,24
0,-66,22
-1,-66,22
-2,-65,22
-2,-65,22
-3,-65,22
-4,-65,22
-5,-65,22
-6,-65,22
-6,-65,22
-7,-65,22
-8,-65,22
-9,-65,22
-10,-65,22
-10,-65,22
-11,-65,22
-12,-64,22
-13,-64,22
-14,-65,22
-15,-65,22
-15,-65,22
-16,-64,22
-17,-64,22
-18,-65,22
-19,-65,22
-20,-65,22
-21,-65,23
-21,-63,22
-22,-64,22
-23,-64,23
-24,-64,23
-25,-65,23
-25,-63,23
-27,-64,23
-28,-65,23
-28,-64,23
-29,-63,23
-30,-63,23
-31,-63,23
-32,-63,23
-32,-62,23
-33,-62,23
-35,-64,24
-36,-64,24
-37,-63,24
-38,-64,24
-38,-62,24
-40,-63,24
-41,-63,25
-41,-62,24
-44,-63,25
-45,-64,26
-44,-61,25
-44,-59,24
-45,-60,25
-46,-58,24
-46,-57,24
-45,-55,24
-48,-57,24
-48,-55,24
-47,-53,24
-48,-53,24
-47,-51,23
-47,-50,23
-48,-49,23
-48,-48,23
-47,-47,21
-47,-48,21
-47,-49,21
-47,-50,22
-46,-51,22
-45,-51,21
-46,-53,22
-45,-54,22
-45,-55,22
-45,-57,23
-45,-57,23
-44,-58,23
-44,-59,23
-44,-60,24
-43,-61,24
-43,-63,24
-42,-63,24
-42,-64,24
-41,-64,24
-41,-67,25
-39,-65,24
-38,-66,24
-37,-66,24
-37,-67,24
-35,-66,24
-34,-66,24
-33,-66,24
-32,-65,23
-31,-65,23
-30,-66,23
-29,-66,23
-28,-66,23
-27,-66,23
-26,-66,22
-25,-64,22
-25,-66,22
-23,-66,22
-22,-65,22
-22,-66,22
-21,-66,22
-20,-66,22
-19,-66,22
-18,-66,22
-17,-66,22
-16,-66,21
-15,-65,21
-15,-66,21
-14,-65,21
-13,-65,21
-12,-66,21
-11,-66,21
-11,-67,21
-10,-66,21
-9,-65,21
-8,-65,21
-7,-64,21
-6,-65,21
-6,-66,21
-5,-67,21
-4,-67,21
-3,-67,21
-2,-66,21
-2,-67,21
-1,-67,21
0,-67,21
0,-67,19
-1,-67,19
-2,-66,19
-2,-66,19
-3,-66,19
-4,-65,19
-5,-66,19
-6,-66,19
-6,-66,19
-7,-66,19
-8,-66,19
-9,-67,19
-10,-66,19
-11,-66,19
-11,-65,19
-12,-65,19
-13,-65,19
-14,-66,19
-15,-66,19
-16,-65,19
-16,-65,19
-17,-65,19
-18,-66,20
-19,-65,20
-20,-65,20
-21,-66,20
-22,-66,20
-22,-65,20
-23,-65,20
-24,-65,20
-25,-65,20
-26,-65,20
-26,-64,20
-28,-65,21
-29,-65,21
-30,-65,21
-30,-64,21
-32,-65,21
-33,-65,21
-34,-65,21
-34,-64,21
-36,-65,21
-36,-64,21
-37,-64,21
-39,-64,22
-40,-65,22
-41,-65,22
-42,-65,23
-44,-65,23
-44,-64,23
-45,-64,23
-45,-62,22
-45,-61,22
-47,-61,22
-46,-59,22
-47,-58,22
-47,-57,21
-47,-56,21
-46,-53,20
-47,-53,21
-47,-52,20
-48,-52,21
-48,-51,20
-49,-50,20
-50,-50,20
-49,-49,19
-47,-48,19
-47,-50,19
-47,-50,19
-47,-52,19
-47,-53,20
-47,-54,20
-46,-55,20
-46,-56,20
-45,-56,20
-45,-58,20
-44,-58,20
-46,-62,21
-43,-60,21
-44,-63,21
-44,-64,21
-43,-64,21
-43,-65,22
-42,-66,22
-41,-66,22
-39,-64,21
-39,-67,22
-37,-65,21
-36,-66,21
-35,-66,21
-34,-66,21
-33,-65,20
-33,-67,21
-31,-65,20
-30,-66,20
-29,-66,20
-28,-66,20
-27,-65,19
-26,-66,20
-25,-66,19
-24,-65,19
-23,-65,19
-23,-67,19
-21,-65,19
-21,-66,19
-20,-65,19
-19,-66,19
-18,-65,19
-17,-65,19
-16,-65,19
-15,-65,18
-15,-65,18
-14,-66,19
-13,-66,19
-12,-65,18
-11,-66,18
-11,-66,18
-10,-65,18
-9,-66,18
-8,-65,18
-7,-65,18
-6,-65,18
-6,-65,18
-5,-65,18
-4,-65,18
-3,-65,18
-2,-65,18
-2,-65,18
-1,-65,18
0,-66,18
0,-65,16
-1,-65,16
-2,-65,16
-2,-66,17
-3,-65,16
-4,-65,16
-5,-64,16
-6,-65,16
-6,-65,16
-7,-64,16
-8,-65,16
-9,-64,16
-10,-64,16
-10,-64,16
-11,-64,16
-12,-64,16
-13,-66,17
-14,-65,17
-14,-64,17
-15,-64,17
-16,-65,17
-17,-65,17
-18,-65,17
-19,-64,17
-20,-65,17
-21,-65,17
-21,-64,17
-22,-65,17
-23,-64,17
-24,-64,17
-25,-64,17
-26,-65,17
-27,-65,17
-28,-64,17
-28,-64,17
-29,-64,18
-31,-65,18
-31,-63,17
-32,-64,18
-34,-65,18
-34,-63,18
-35,-64,18
-36,-63,18
-37,-63,18
-38,-63,18
-39,-64,19
-40,-63,19
-42,-64,19
-42,-63,19
-43,-63,19
-44,-62,19
-45,-63,19
-46,-62,19
-46,-60,19
-46,-59,19
-46,-58,18
-46,-56,18
-47,-56,18
-47,-54,18
-49,-55,18
-48,-52,18
-49,-53,18
-49,-51,18
-50,-51,18
-50,-50,18
-49,-49,16
-48,-49,16
-48,-50,16
-48,-51,17
-47,-52,17
-46,-52,17
-46,-53,17
-46,-54,17
-44,-53,16
-45,-56,17
-45,-58,18
-44,-57,17
-43,-58,17
-42,-58,17
-43,-61,18
-42,-61,18
-42,-62,18
-40,-62,18
-40,-62,18
-39,-64,18
-39,-64,18
-37,-64,18
-37,-66,18
-36,-66,18
-36,-67,18
-35,-66,18
-34,-67,18
-32,-66,18
-32,-67,18
-30,-66,17
-30,-67,17
-29,-67,17
-28,-67,17
-27,-67,17
-26,-67,17
-25,-67,17
-24,-67,17
-23,-67,17
-22,-67,17
-21,-66,16
-20,-66,16
-19,-66,16
-18,-67,16
-18,-67,16
-17,-66,16
-16,-66,16
-15,-67,16
-14,-67,16
-13,-67,16
-12,-66,16
-12,-67,16
-11,-66,16
-10,-66,16
-9,-67,16
-8,-66,16
-7,-66,16
-6,-66,16
-6,-66,16
-5,-66,16
-4,-66,16
-3,-65,15
-2,-65,15
-2,-65,15
-1,-65,15
0,-66,16
0,-66,14
-1,-66,14
-2,-67,14
-2,-66,14
-3,-64,14
-4,-65,14
-5,-65,14
-6,-66,14
-6,-65,14
-7,-65,14
-8,-66,14
-9,-65,14
-10,-66,14
-11,-66,14
-11,-66,14
-12,-64,14
-13,-65,14
-14,-65,14
-15,-66,14
-15,-65,14
-16,-65,14
-17,-66,14
-18,-65,14
-19,-65,14
-20,-65,14
-21,-65,14
-21,-64,14
-23,-66,15
-23,-65,15
-24,-64,14
-25,-65,15
-26,-64,15
-27,-64,15
-28,-65,15
-29,-64,15
-30,-65,15
-31,-65,15
-31,-64,15
-33,-65,15
-34,-65,16
-34,-64,15
-35,-64,16
-36,-64,16
-37,-63,16
-39,-65,16
-39,-63,16
-40,-64,16
-41,-62,16
-40,-59,15
-40,-59,15
-41,-58,15
-41,-57,15
-41,-56,15
-40,-52,14
-42,-54,14
-42,-53,14
-43,-53,14
-43,-52,14
-45,-52,14
-45,-51,14
-47,-51,15
-48,-52,15
-48,-50,15
-48,-49,14
-49,-49,15
-48,-48,13
-47,-48,13
-47,-49,13
-47,-51,14
-46,-51,14
-46,-52,14
-45,-53,14
-45,-53,14
-45,-55,14
-44,-54,14
-42,-54,14
-40,-53,13
-40,-54,13
-40,-55,13
-38,-55,13
-38,-55,13
-38,-56,13
-37,-58,14
-37,-59,14
-37,-59,14
-36,-60,14
-36,-62,14
-37,-65,15
-36,-65,15
-35,-66,15
-34,-66,15
-33,-66,15
-32,-65,14
-31,-66,14
-30,-66,14
-29,-65,14
-28,-65,14
-27,-65,14
-27,-66,14
-25,-65,14
-25,-66,14
-24,-66,14
-23,-66,14
-22,-66,14
-21,-65,14
-20,-66,14
-19,-66,14
-18,-65,13
-17,-64,13
-16,-66,13
-16,-66,13
-15,-66,13
-14,-66,13
-13,-64,13
-12,-65,13
-11,-65,13
-10,-65,13
-10,-65,13
-9,-64,13
-8,-65,13
-7,-64,13
-6,-65,13
-6,-65,13
-5,-65,13
-4,-64,13
-3,-64,13
-2,-66,13
-2,-65,13
-1,-67,13
0,-67,13
0,-65,11
-1,-65,11
-2,-66,11
-2,-65,11
-3,-65,11
-4,-65,11
-5,-65,11
-6,-65,11
-6,-65,11
-7,-66,11
-8,-65,11
-9,-64,11
-10,-65,11
-10,-65,11
-11,-65,11
-12,-66,12
-13,-65,11
-14,-66,12
-14,-64,11
-15,-65,12
-16,-65,12
-17,-64,11
-18,-65,12
-19,-65,12
-20,-65,12
-21,-66,12
-22,-65,12
-22,-65,12
-24,-66,12
-24,-66,12
-26,-66,12
-26,-65,12
-27,-66,12
-28,-65,12
-29,-65,12
-30,-65,12
-31,-65,12
-32,-65,12
-32,-64,12
-34,-65,13
-35,-65,13
-36,-65,13
-37,-66,13
-38,-65,13
-39,-65,13
-40,-65,13
-41,-65,13
-38,-59,12
-34,-52,11
-34,-50,10
-35,-50,11
-35,-49,10
-35,-47,10
-36,-48,10
-36,-46,10
-36,-45,10
-37,-45,10
-39,-46,10
-40,-46,11
-41,-47,11
-45,-50,12
-49,-53,12
-50,-53,13
-49,-50,12
-49,-49,12
-48,-48,11
-48,-49,11
-47,-49,11
-46,-50,11
-47,-52,11
-46,-52,11
-44,-52,11
-45,-54,11
-44,-54,11
-41,-52,11
-38,-48,10
-35,-46,9
-35,-48,10
-34,-46,9
-34,-48,10
-34,-49,10
-32,-48,9
-32,-50,10
-31,-49,9
-32,-51,10
-31,-53,10
-32,-55,10
-34,-60,11
-36,-66,12
-35,-66,12
-35,-67,12
-34,-67,12
-32,-67,12
-32,-68,12
-31,-67,12
-30,-67,12
-28,-66,12
-27,-66,11
-26,-66,11
-25,-65,11
-25,-67,11
-24,-66,11
-22,-65,11
-22,-66,11
-21,-66,11
-20,-66,11
-19,-66,11
-18,-66,11
-17,-65,11
-17,-66,11
-16,-65,11
-14,-65,11
-14,-65,11
-13,-66,11
-12,-65,11
-11,-64,10
-11,-65,11
-10,-64,10
-9,-65,10
-8,-65,10
-7,-64,10
-6,-66,11
-6,-64,10
-5,-64,10
-4,-64,10
-3,-64,10
-2,-65,10
-2,-64,10
-1,-64,10
0,-64,10
0,-64,9
-1,-64,9
-2,-64,9
-2,-63,9
-3,-65,9
-4,-65,9
-5,-64,9
-6,-64,9
-6,-65,9
-7,-64,9
-8,-64,9
-9,-65,9
-9,-64,9
-10,-64,9
-11,-64,9
-12,-63,9
-13,-64,9
-14,-64,9
-14,-64,9
-15,-64,9
-16,-64,9
-17,-64,9
-18,-64,9
-19,-65,9
-20,-64,9
-20,-64,9
-21,-64,9
-22,-65,9
-23,-64,9
-24,-64,9
-25,-64,9
-26,-64,9
-27,-64,9
-28,-65,10
-28,-63,9
-29,-64,10
-31,-64,10
-32,-65,10
-32,-64,10
-33,-64,10
-34,-63,10
-35,-63,10
-36,-64,10
-37,-63,10
-38,-64,10
-40,-64,10
-40,-64,10
-40,-61,10
-36,-54,9
-35,-51,8
-35,-50,8
-35,-49,8
-35,-48,8
-36,-47,8
-37,-47,8
-38,-47,8
-38,-46,8
-40,-47,8
-39,-46,8
-41,-47,8
-47,-51,9
-48,-52,10
-48,-50,9
-48,-50,9
-49,-49,9
-48,-48,8
-47,-48,8
-47,-50,8
-45,-49,8
-46,-51,8
-45,-51,8
-45,-53,9
-43,-52,8
-44,-54,9
-43,-54,9
-40,-51,8
-37,-48,7
-35,-48,7
-35,-49,7
-34,-49,7
-34,-49,7
-33,-50,7
-33,-51,7
-33,-52,8
-32,-52,8
-32,-54,8
-34,-59,8
-36,-64,9
-36,-66,9
-35,-65,9
-34,-66,9
-33,-66,9
-32,-66,9
-31,-66,9
-30,-65,9
-29,-66,9
-28,-66,9
-27,-65,9
-26,-65,9
-25,-65,9
-25,-67,9
-23,-65,9
-23,-66,9
-21,-65,8
-21,-65,8
-20,-66,8
-19,-65,8
-18,-65,8
-17,-64,8
-16,-65,8
-15,-65,8
-15,-65,8
-14,-64,8
-13,-64,8
-12,-65,8
-11,-65,8
-10,-65,8
-9,-64,8
-9,-64,8
-8,-64,8
-7,-65,8
-6,-65,8
-6,-64,8
-5,-64,8
-4,-64,8
-3,-64,8
-2,-64,8
-2,-64,8
-1,-65,8
0,-65,8
0,-65,6
-1,-65,6
-2,-65,6
-2,-64,6
-3,-65,6
-4,-65,6
-5,-64,6
-6,-64,6
-6,-64,6
-7,-64,6
-8,-64,6
-9,-65,6
-9,-64,6
-10,-64,6
-11,-65,6
-12,-64,6
-13,-64,6
-14,-64,6
-14,-63,6
-15,-65,7
-16,-64,6
-17,-64,6
-18,-63,6
-19,-64,7
-19,-63,6
-20,-64,7
-21,-63,7
-22,-64,7
-23,-64,7
-24,-64,7
-25,-64,7
-25,-64,7
-27,-64,7
-28,-65,7
-28,-64,7
-30,-65,7
-30,-64,7
-31,-64,7
-32,-64,7
-33,-64,7
-34,-64,7
-35,-64,7
-36,-64,7
-37,-64,7
-39,-65,7
-40,-64,7
-40,-64,7
-41,-63,7
-40,-60,7
-37,-54,6
-37,-53,6
-37,-52,6
-37,-50,6
-36,-47,6
-37,-47,6
-38,-47,6
-38,-46,6
-40,-47,6
-40,-47,6
-44,-50,7
-46,-51,7
-47,-51,7
-47,-49,7
-48,-49,7
-48,-48,7
-46,-46,6
-49,-50,6
-46,-48,6
-46,-50,6
-46,-51,6
-44,-50,6
-44,-51,6
-44,-52,6
-42,-52,6
-40,-50,5
-39,-49,5
-36,-48,5
-34,-46,5
-34,-48,5
-34,-49,5
-34,-50,5
-33,-50,5
-33,-51,5
-33,-52,5
-34,-56,6
-33,-56,6
-36,-62,6
-37,-65,6
-37,-66,7
-35,-66,6
-34,-65,6
-33,-66,6
-32,-66,6
-32,-67,6
-31,-67,6
-29,-66,6
-28,-66,6
-27,-65,6
-26,-65,6
-25,-66,6
-25,-66,6
-24,-67,6
-22,-65,6
-22,-66,6
-21,-66,6
-20,-66,6
-19,-66,6
-18,-64,6
-17,-65,6
-16,-66,6
-15,-65,6
-15,-65,6
-13,-63,6
-13,-64,6
-12,-65,6
-11,-65,6
-10,-64,6
-10,-64,6
-9,-65,6
-8,-64,6
-7,-64,6
-6,-65,6
-6,-65,6
-5,-65,6
-4,-64,5
-3,-65,6
-2,-65,6
-2,-64,5
-1,-65,6
0,-64,5
0,-65,4
-1,-64,4
-2,-64,4
-2,-64,4
-3,-64,4
-4,-64,4
-5,-64,4
-6,-65,4
-6,-64,4
-7,-64,4
-8,-64,4
-9,-64,4
-10,-65,4
-10,-63,4
-11,-64,4
-12,-66,4
-13,-65,4
-14,-64,4
-15,-65,4
-15,-64,4
-16,-65,4
-17,-66,4
-18,-65,4
-19,-64,4
-20,-65,4
-20,-65,4
-21,-64,4
-22,-64,4
-24,-66,4
-24,-65,4
-25,-65,4
-26,-65,4
-27,-65,4
-28,-64,4
-29,-66,4
-30,-65,4
-31,-65,4
-32,-65,4
-32,-64,4
-34,-66,5
-35,-65,5
-36,-66,5
-37,-65,5
-38,-65,5
-39,-65,5
-40,-65,5
-41,-65,5
-41,-64,5
-41,-61,5
-38,-55,4
-37,-52,4
-36,-50,4
-36,-49,4
-35,-46,4
-37,-47,4
-37,-46,4
-39,-48,4
-37,-44,4
-37,-43,3
-38,-43,3
-39,-43,4
-43,-46,4
-44,-46,4
-47,-49,4
-53,-53,5
-59,-59,4
-59,-61,4
-59,-62,4
-58,-62,4
-54,-59,4
-49,-55,4
-45,-52,3
-45,-53,3
-42,-51,3
-38,-48,3
-37,-48,3
-36,-47,3
-34,-46,3
-34,-47,3
-35,-49,3
-34,-49,3
-33,-49,3
-32,-49,3
-32,-51,3
-32,-53,3
-33,-56,3
-35,-60,3
-37,-65,4
-36,-66,4
-35,-65,4
-34,-66,4
-33,-65,4
-32,-66,4
-31,-66,4
-30,-65,4
-29,-66,4
-28,-66,4
-27,-66,3
-26,-66,3
-26,-66,3
-24,-65,3
-23,-65,3
-22,-65,3
-22,-65,3
-21,-66,3
-20,-65,3
-19,-65,3
-18,-65,3
-17,-65,3
-16,-65,3
-15,-64,3
-14,-63,3
-14,-64,3
-13,-64,3
-12,-64,3
-11,-64,3
-10,-65,3
-10,-65,3
-9,-65,3
-8,-64,3
-7,-65,3
-6,-64,3
-5,-64,3
-5,-64,3
-4,-65,3
-3,-65,3
-2,-64,3
-2,-64,3
-1,-65,3
0,-64,3
0,-64,2
-1,-65,2
-2,-65,2
-2,-64,2
-3,-65,2
-4,-64,2
-5,-64,2
-6,-65,2
-6,-64,2
-7,-65,2
-8,-64,2
-9,-64,2
-9,-63,2
-10,-64,2
-11,-64,2
-12,-63,2
-13,-64,2
-13,-64,2
-14,-64,2
-15,-63,2
-16,-64,2
-17,-63,2
-17,-63,2
-19,-64,2
-19,-64,2
-20,-63,2
-21,-63,2
-21,-62,2
-23,-64,2
-24,-64,2
-25,-64,2
-26,-64,2
-26,-64,2
-28,-64,2
-28,-63,2
-29,-63,2
-29,-62,2
-31,-63,2
-31,-63,2
-33,-63,2
-33,-63,2
-35,-63,2
-35,-63,2
-37,-63,2
-38,-63,2
-39,-63,2
-40,-63,2
-41,-63,2
-39,-59,2
-37,-54,2
-35,-50,1
-36,-49,1
-36,-49,1
-35,-46,1
-34,-43,1
-34,-43,1
-34,-42,1
-38,-45,1
-40,-47,2
-46,-52,2
-54,-59,2
-55,-59,2
-56,-59,2
-57,-59,2
-61,-61,2
-62,-62,1
-61,-62,1
-60,-63,1
-60,-64,1
-56,-62,1
-56,-63,1
-54,-63,1
-54,-64,1
-52,-63,1
-50,-62,1
-44,-56,1
-36,-47,1
-32,-43,1
-30,-41,1
-31,-43,1
-32,-47,1
-32,-47,1
-33,-51,1
-33,-52,1
-33,-53,1
-33,-55,1
-36,-62,1
-37,-65,1
-36,-65,1
-35,-65,1
-34,-65,1
-32,-64,1
-31,-64,1
-30,-64,1
-30,-65,1
-29,-65,1
-28,-64,1
-26,-64,1
-26,-64,1
-25,-64,1
-24,-65,1
-23,-65,1
-22,-65,1
-22,-66,1
-21,-65,1
-19,-64,1
-19,-65,1
-18,-65,1
-17,-65,1
-16,-65,1
-15,-65,1
-14,-64,1
-14,-65,1
-13,-64,1
-12,-65,1
-11,-64,1
-10,-64,1
-10,-64,1
-9,-64,1
-8,-65,1
-7,-65,1
-6,-65,1
-6,-65,1
-5,-65,1
-4,-64,1
-3,-63,1
-2,-64,1
-2,-64,1
-1,-64,1
0,-64,1
0,-64,-1
-1,-65,-1
-2,-64,-1
-2,-65,-1
-3,-65,-1
-4,-64,-1
-5,-65,-1
-6,-65,-1
-6,-64,-1
-7,-65,-1
-8,-65,-1
-9,-64,-1
-9,-63,-1
-10,-65,-1
-11,-64,-1
-12,-65,-1
-13,-65,-1
-13,-64,-1
-15,-65,-1
-15,-64,-1
-16,-63,-1
-17,-64,-1
-18,-64,-1
-18,-63,-1
-19,-63,-1
-20,-64,-1
-21,-64,-1
-22,-63,-1
-23,-64,-1
-23,-63,-1
-24,-63,-1
-25,-63,-1
-26,-64,-1
-28,-64,-1
-28,-64,-1
-29,-63,-1
-30,-64,-1
-31,-64,-1
-32,-63,-1
-33,-63,-1
-33,-63,-1
-34,-62,-1
-35,-63,-1
-36,-62,-1
-38,-63,-1
-38,-62,-1
-40,-63,-1
-42,-65,-1
-39,-58,-1
-36,-53,-1
-36,-52,-1
-35,-48,-1
-33,-45,-1
-33,-43,-1
-33,-43,-1
-34,-43,-1
-34,-41,-1
-33,-39,-1
-33,-39,-1
-34,-39,-1
-34,-37,-1
-34,-37,-1
-35,-37,-1
-36,-37,-1
-39,-39,-1
-0,-0,55
