0,-0,172
0,-0,172
0,-0,172
0,-0,171
0,-0,172
0,-0,172
0,-0,172
0,-0,171
0,-0,171
0,-0,172
0,-0,173
0,-0,172
0,-0,172
0,-0,172
0,-0,173
0,-0,173
0,-0,172
0,-0,173
0,-0,172
0,-0,172
0,-0,172
0,-0,172
0,-0,173
0,-0,173
0,-0,173
0,-0,172
0,-0,172
0,-0,173
0,-0,172
0,-0,172
0,-0,173
0,-0,173
0,-0,173
0,-0,174
0,-0,174
0,-0,173
0,-0,174
0,-0,174
0,-0,174
0,-0,174
0,-0,174
0,-0,174
0,-0,174
0,-0,174
0,-0,174
0,-0,174
0,-0,173
0,-0,173
0,-0,174
0,-0,173
0,-0,174
0,-0,175
0,-0,174
0,-0,174
0,-0,174
0,-0,174
0,-0,175
0,-0,174
0,-0,174
0,-0,175
0,-0,174
0,-0,174
0,-0,174
0,-0,175
0,-0,174
2,-0,174
2,-0,174
2,-0,174
2,-0,174
2,-0,175
2,-0,174
2,-0,173
2,-0,174
2,-0,173
2,-0,172
2,-0,173
2,-0,173
2,-0,173
2,-0,173
2,-0,174
2,-0,173
2,-0,173
2,-0,174
2,-0,173
2,-0,173
2,-1,173
2,-1,174
2,-1,173
2,-1,173
2,-1,173
2,-1,173
2,-1,173
2,-1,174
2,-1,174
2,-1,173
2,-1,173
2,-1,174
2,-1,174
2,-1,173
2,-1,174
2,-1,173
2,-1,174
2,-1,173
2,-1,173
2,-1,173
2,-1,173
2,-1,173
2,-1,173
2,-1,173
2,-1,174
2,-1,173
2,-1,173
2,-1,173
2,-1,173
2,-1,173
2,-1,173
2,-1,173
2,-1,174
2,-1,174
2,-1,174
2,-1,173
2,-1,173
2,-1,173
2,-1,174
2,-1,173
2,-1,173
2,-1,173
2,-1,173
2,-1,173
2,-2,174
3,-3,173
3,-3,173
3,-3,174
3,-3,173
3,-3,174
3,-3,174
3,-3,173
3,-3,173
3,-3,173
3,-3,173
3,-3,173
3,-3,173
3,-3,174
3,-2,173
3,-2,173
4,-2,173
4,-2,173
4,-2,174
4,-2,173
4,-2,173
4,-2,174
4,-2,173
4,-2,173
4,-2,173
4,-2,174
4,-2,174
4,-2,173
4,-2,173
4,-2,173
4,-2,173
4,-2,174
4,-2,174
4,-2,174
4,-2,173
4,-2,173
4,-1,173
4,-1,173
4,-1,173
4,-1,172
4,-1,172
4,-1,173
4,-1,172
4,-1,172
4,-1,172
4,-1,172
4,-1,173
4,-1,173
4,-1,172
4,-1,172
4,-1,173
4,-1,172
4,-1,172
4,-1,172
4,-1,172
4,-1,173
4,-0,172
4,-0,172
4,-0,173
4,-0,173
4,-0,173
4,-0,174
4,-0,173
4,-0,174
4,-0,173
4,-0,174
6,-0,173
6,-0,173
6,-0,173
6,-0,172
6,-0,173
6,-0,172
6,-0,173
6,-1,172
6,-1,173
6,-1,172
6,-1,172
6,-1,172
6,-1,172
6,-1,173
6,-1,174
6,-1,173
6,-1,174
6,-1,173
6,-1,173
6,-1,173
6,-2,174
6,-2,173
6,-2,173
6,-2,174
6,-2,173
6,-2,173
6,-2,173
6,-2,173
6,-2,173
6,-2,173
6,-2,174
6,-2,173
6,-2,173
6,-3,174
6,-3,173
6,-3,175
6,-3,174
6,-3,173
6,-3,174
6,-3,173
6,-3,173
6,-3,173
6,-3,173
6,-3,173
5,-3,173
5,-3,174
5,-3,173
5,-3,173
5,-4,173
5,-4,174
5,-4,173
5,-4,174
5,-4,173
5,-4,173
5,-4,174
5,-4,173
5,-4,174
5,-4,173
5,-4,174
5,-4,174
5,-4,173
5,-4,173
5,-4,173
5,-4,174
5,-5,174
6,-6,174
6,-6,173
6,-6,174
6,-6,173
6,-6,174
6,-6,173
6,-6,173
6,-5,173
7,-5,173
7,-5,173
7,-5,173
7,-5,173
7,-5,173
7,-5,173
7,-5,173
7,-5,173
7,-5,173
7,-5,173
7,-5,173
7,-4,173
7,-4,173
7,-4,173
7,-4,174
7,-4,174
7,-4,173
8,-4,173
8,-4,173
8,-4,173
8,-4,173
8,-4,173
8,-3,173
8,-3,173
8,-3,174
8,-3,174
8,-3,174
8,-3,173
8,-3,173
8,-3,174
8,-3,173
8,-3,173
8,-2,173
8,-2,173
8,-2,173
8,-2,173
8,-2,173
8,-2,173
8,-2,173
8,-2,173
8,-2,173
8,-2,173
8,-1,173
8,-1,173
8,-1,173
8,-1,173
8,-1,173
8,-1,173
8,-1,174
9,-1,174
8,-1,173
8,-1,173
9,-0,174
9,-0,174
8,-0,173
8,-0,173
8,-0,173
11,-0,173
11,-0,173
11,-0,173
11,-0,173
11,-1,173
11,-1,173
11,-1,173
11,-1,173
11,-1,173
11,-1,173
11,-1,174
11,-1,173
11,-2,174
10,-2,173
10,-2,173
10,-2,173
10,-2,173
10,-2,174
10,-2,174
10,-2,174
10,-3,173
10,-3,173
10,-3,173
10,-3,173
10,-3,174
10,-3,174
10,-3,174
10,-3,174
10,-4,173
10,-4,173
10,-4,173
10,-4,174
10,-4,174
10,-4,173
10,-4,173
10,-4,173
10,-5,174
10,-5,173
9,-5,173
9,-5,173
9,-5,174
9,-5,174
9,-5,174
9,-5,174
9,-5,174
9,-6,173
9,-6,174
9,-6,174
9,-6,173
9,-6,173
9,-6,174
9,-6,174
9,-6,174
8,-6,174
8,-7,174
8,-7,174
8,-7,173
8,-7,173
8,-7,174
8,-7,174
8,-7,173
8,-7,174
8,-7,173
8,-7,173
8,-8,174
9,-9,174
9,-9,174
9,-9,174
9,-9,174
9,-9,174
10,-8,174
10,-8,174
10,-8,174
10,-8,175
10,-8,174
10,-8,174
10,-8,174
10,-8,175
10,-7,173
10,-7,174
11,-7,174
11,-7,173
11,-7,174
11,-7,174
11,-7,174
11,-7,173
11,-6,174
11,-6,174
11,-6,174
11,-6,173
11,-6,174
11,-6,173
12,-6,174
12,-5,174
12,-5,174
12,-5,173
12,-5,173
12,-5,173
12,-5,173
12,-5,172
12,-4,172
12,-4,173
12,-4,173
12,-4,173
12,-4,172
12,-4,172
12,-4,173
12,-3,173
12,-3,173
12,-3,173
12,-3,172
12,-3,173
12,-3,172
12,-2,172
12,-2,172
12,-2,172
13,-2,173
13,-2,173
13,-2,173
13,-2,173
13,-1,173
13,-1,174
13,-1,173
13,-1,172
13,-1,173
13,-1,173
13,-0,172
13,-0,172
13,-0,173
13,-0,172
15,-0,172
15,-0,172
15,-0,172
15,-1,172
15,-1,172
15,-1,172
15,-1,173
15,-1,173
15,-1,173
15,-2,173
15,-2,173
15,-2,173
15,-2,173
15,-2,172
15,-3,173
15,-3,173
15,-3,173
15,-3,173
15,-3,174
14,-3,172
14,-4,173
14,-4,173
14,-4,173
14,-4,173
14,-4,173
14,-5,173
14,-5,173
14,-5,172
14,-5,172
14,-5,173
14,-5,173
14,-6,173
14,-6,172
14,-6,173
14,-6,173
13,-6,172
13,-6,173
13,-7,173
13,-7,173
13,-7,172
13,-7,173
13,-7,173
13,-7,173
13,-7,172
13,-8,172
13,-8,173
13,-8,173
13,-8,173
12,-8,172
12,-8,172
12,-9,173
12,-9,173
12,-9,173
12,-9,174
12,-9,173
12,-9,172
12,-9,173
11,-10,173
11,-10,173
11,-10,173
11,-10,173
11,-10,173
11,-10,173
11,-10,173
11,-11,173
12,-12,173
12,-12,173
12,-12,174
12,-12,173
13,-11,173
13,-11,173
13,-11,173
13,-11,173
13,-11,173
13,-11,173
13,-10,173
14,-10,173
14,-10,173
14,-10,172
14,-10,173
14,-10,173
14,-9,172
14,-9,173
14,-9,172
15,-9,173
15,-9,173
15,-9,173
15,-8,173
15,-8,173
15,-8,174
15,-8,174
15,-8,173
15,-7,173
15,-7,173
15,-7,172
16,-7,173
16,-7,173
16,-7,173
16,-6,173
16,-6,173
16,-6,172
16,-6,173
16,-6,173
16,-5,173
16,-5,174
16,-5,173
16,-5,173
16,-5,173
16,-4,172
17,-4,173
17,-4,173
17,-4,174
17,-4,173
17,-3,173
17,-3,174
17,-3,172
17,-3,173
17,-3,173
17,-2,173
17,-2,174
17,-2,173
17,-2,173
17,-1,173
17,-1,173
17,-1,173
17,-1,173
17,-1,173
17,-0,173
17,-0,173
17,-0,174
19,-0,173
19,-0,173
19,-0,173
19,-1,173
19,-1,173
19,-1,173
19,-1,173
19,-2,173
19,-2,173
19,-2,173
19,-2,173
19,-3,173
19,-3,173
19,-3,174
19,-3,174
19,-4,173
19,-4,174
19,-4,173
19,-4,173
19,-4,173
19,-5,173
19,-5,173
19,-5,174
18,-5,173
18,-6,172
18,-6,174
18,-6,173
18,-6,173
18,-6,173
18,-7,174
18,-7,173
18,-7,173
18,-7,174
18,-8,173
18,-8,173
17,-8,173
17,-8,173
17,-8,174
17,-9,174
17,-9,173
17,-9,173
17,-9,173
17,-9,173
17,-10,174
16,-10,173
16,-10,173
16,-10,173
16,-11,174
16,-11,173
16,-11,174
16,-11,173
16,-11,173
15,-11,174
15,-12,173
15,-12,174
15,-12,174
15,-12,174
15,-12,174
15,-13,174
14,-13,174
14,-13,174
14,-13,173
14,-13,174
14,-13,173
14,-14,174
15,-15,174
15,-15,174
15,-15,173
16,-15,174
16,-14,174
16,-14,174
16,-14,173
16,-14,174
17,-14,174
17,-13,174
17,-13,173
17,-13,174
17,-13,174
17,-13,174
18,-12,174
18,-12,174
18,-12,174
18,-12,174
18,-11,174
18,-11,173
18,-11,174
19,-11,174
19,-11,174
19,-10,173
19,-10,174
19,-10,174
19,-10,174
19,-9,174
19,-9,174
19,-9,174
20,-9,174
20,-8,174
20,-8,174
20,-8,174
20,-8,174
20,-7,174
20,-7,174
20,-7,174
20,-7,174
20,-6,173
20,-6,174
21,-6,174
21,-6,174
21,-5,173
21,-5,173
21,-5,174
21,-5,174
21,-4,174
21,-4,174
21,-4,173
21,-4,174
21,-3,175
21,-3,173
21,-3,174
21,-3,174
21,-2,173
21,-2,173
21,-2,173
21,-2,174
21,-1,174
21,-1,174
21,-1,173
21,-1,174
21,-0,173
21,-0,173
24,-0,173
23,-0,172
24,-1,173
24,-1,173
24,-1,173
24,-1,173
23,-2,173
23,-2,173
23,-2,173
23,-3,173
23,-3,172
23,-3,172
23,-3,173
23,-4,173
23,-4,173
23,-4,173
23,-5,173
23,-5,173
23,-5,173
23,-5,173
23,-6,172
23,-6,173
23,-6,173
23,-7,173
23,-7,173
22,-7,172
22,-7,173
22,-8,173
22,-8,173
22,-8,173
22,-8,173
22,-9,173
22,-9,173
22,-9,173
22,-10,174
21,-10,173
21,-10,173
21,-10,173
21,-11,173
21,-11,174
21,-11,173
21,-11,173
20,-12,173
20,-12,173
20,-12,173
20,-12,173
20,-13,173
20,-13,172
20,-13,173
20,-13,174
19,-14,173
19,-14,173
19,-14,173
19,-14,173
19,-14,173
18,-15,173
18,-15,173
18,-15,174
18,-15,173
18,-16,173
17,-16,172
17,-16,174
17,-16,173
17,-16,172
17,-17,173
18,-18,173
18,-18,174
19,-18,173
19,-17,173
19,-17,174
19,-17,174
20,-17,174
20,-17,173
20,-16,173
20,-16,173
20,-16,173
20,-16,173
21,-15,174
21,-15,173
21,-15,173
21,-15,173
21,-14,174
22,-14,174
22,-14,174
22,-14,174
22,-13,173
22,-13,174
22,-13,173
23,-12,174
23,-12,173
23,-12,173
23,-12,173
23,-11,173
23,-11,173
23,-11,173
23,-10,173
24,-10,173
24,-10,173
24,-10,173
24,-9,174
24,-9,173
24,-9,174
24,-8,173
24,-8,173
25,-8,174
25,-7,174
25,-7,173
25,-7,173
25,-7,173
25,-6,173
25,-6,173
25,-6,174
25,-5,173
25,-5,173
25,-5,174
25,-4,173
25,-4,173
25,-4,173
25,-3,173
25,-3,173
26,-3,174
26,-3,173
26,-2,173
26,-2,174
26,-2,174
26,-1,173
26,-1,173
26,-1,173
26,-0,173
26,-0,173
28,-0,173
28,-0,173
28,-1,174
28,-1,174
28,-1,174
28,-2,174
28,-2,174
28,-2,173
28,-3,174
28,-3,173
28,-3,174
28,-4,174
27,-4,173
28,-4,174
28,-5,174
27,-5,174
27,-5,174
27,-6,173
27,-6,173
27,-6,174
27,-7,173
27,-7,174
27,-7,174
27,-8,173
27,-8,173
27,-8,173
26,-9,173
26,-9,173
26,-9,173
26,-10,172
26,-10,172
26,-10,172
26,-11,172
25,-11,172
26,-11,174
25,-12,172
25,-12,174
25,-12,174
25,-13,174
25,-13,174
25,-13,174
24,-13,174
24,-14,174
24,-14,174
24,-14,174
24,-15,174
23,-15,173
23,-15,174
23,-16,174
23,-16,174
23,-16,174
23,-16,174
22,-17,174
22,-17,174
22,-17,174
22,-17,174
22,-18,174
21,-18,174
21,-18,174
21,-18,173
21,-19,173
20,-19,174
20,-19,173
20,-20,174
20,-20,173
21,-21,173
22,-21,173
22,-21,172
22,-21,174
22,-20,172
23,-20,173
23,-20,173
23,-19,173
23,-19,173
23,-19,173
24,-19,173
24,-18,173
24,-18,173
24,-18,172
25,-17,173
25,-17,173
25,-17,172
25,-16,173
26,-16,174
26,-16,173
26,-15,173
26,-15,173
26,-15,173
26,-15,173
27,-14,173
27,-14,173
27,-14,173
27,-13,172
27,-13,173
27,-12,172
28,-12,173
27,-12,172
28,-12,173
28,-11,173
28,-11,173
28,-10,173
28,-10,173
28,-10,173
28,-9,172
29,-9,173
29,-9,173
29,-8,173
29,-8,172
29,-8,173
29,-7,173
29,-7,173
30,-7,174
29,-6,173
29,-6,172
30,-6,173
30,-5,173
30,-5,173
30,-4,172
30,-4,173
30,-4,172
30,-3,173
30,-3,172
30,-3,173
30,-2,173
30,-2,173
30,-1,173
30,-1,172
30,-1,174
30,-0,173
30,-0,173
32,-0,173
32,-0,173
32,-1,174
32,-1,173
32,-2,173
32,-2,173
32,-2,173
32,-3,173
32,-3,173
32,-4,173
32,-4,173
32,-4,173
32,-5,173
32,-5,174
32,-6,173
32,-6,173
32,-6,173
32,-7,174
31,-7,173
32,-7,174
31,-8,173
31,-8,173
31,-9,173
31,-9,173
31,-9,174
31,-10,173
31,-10,173
30,-10,173
30,-11,173
30,-11,173
30,-12,173
30,-12,172
30,-12,173
30,-13,173
29,-13,173
29,-13,173
29,-14,172
29,-14,173
29,-14,173
29,-15,173
28,-15,173
28,-16,173
28,-16,172
28,-16,173
28,-17,173
28,-17,174
27,-17,173
27,-18,173
27,-18,173
27,-18,173
26,-19,173
26,-19,173
26,-19,174
26,-20,173
26,-20,174
25,-20,173
25,-21,174
25,-21,174
25,-21,174
24,-21,174
24,-22,174
24,-22,174
24,-22,175
23,-23,175
23,-23,174
25,-25,175
25,-24,175
25,-24,175
25,-24,175
26,-23,174
26,-23,174
26,-23,175
26,-22,174
27,-22,174
27,-22,175
27,-21,174
27,-21,174
28,-21,174
28,-20,173
28,-20,174
28,-20,174
29,-19,173
29,-19,174
29,-18,173
29,-18,173
29,-18,173
30,-17,173
30,-17,173
30,-17,174
30,-16,173
31,-16,174
31,-16,174
31,-15,173
31,-15,173
31,-14,173
31,-14,173
32,-14,174
32,-13,174
32,-13,173
32,-12,174
32,-12,174
32,-12,173
32,-11,173
33,-11,174
33,-10,173
33,-10,174
33,-10,173
33,-9,173
33,-9,174
33,-8,173
34,-8,174
34,-8,174
34,-7,173
34,-7,174
34,-6,173
34,-6,174
34,-5,174
34,-5,174
34,-5,173
34,-4,174
34,-4,173
34,-3,173
34,-3,173
34,-3,173
34,-2,172
34,-2,172
34,-1,172
34,-1,172
34,-0,172
34,-0,173
36,-0,172
36,-0,172
36,-1,172
36,-1,171
36,-2,172
36,-2,172
36,-3,171
36,-3,172
36,-4,172
36,-4,172
36,-4,172
36,-5,172
36,-5,172
36,-6,172
36,-6,172
36,-7,172
36,-7,172
36,-8,173
35,-8,171
36,-8,173
35,-9,172
35,-9,172
35,-10,172
35,-10,172
35,-11,172
35,-11,172
35,-11,172
34,-12,172
34,-12,172
34,-13,172
34,-13,172
34,-14,172
33,-14,171
34,-14,172
33,-15,171
33,-15,172
33,-16,172
33,-16,172
33,-16,172
32,-17,171
32,-17,172
32,-18,172
32,-18,172
31,-18,172
31,-19,172
31,-19,171
31,-20,172
31,-20,172
30,-20,172
30,-21,172
30,-21,171
30,-21,172
29,-22,171
29,-22,172
29,-22,172
28,-23,171
28,-23,172
28,-23,172
28,-24,172
27,-24,172
27,-24,172
27,-25,172
26,-25,172
26,-25,172
26,-26,172
27,-27,172
28,-27,172
28,-27,172
28,-26,172
29,-26,172
29,-26,172
29,-25,172
30,-25,172
30,-24,172
30,-24,172
30,-24,172
31,-23,172
31,-23,172
31,-23,172
31,-22,171
32,-22,173
32,-21,172
32,-21,172
33,-21,172
33,-20,172
33,-20,173
34,-20,173
34,-19,173
34,-19,173
34,-18,174
34,-18,173
35,-17,173
35,-17,173
35,-17,173
35,-16,173
35,-16,173
36,-15,174
36,-15,173
36,-14,173
36,-14,173
36,-14,173
37,-13,173
37,-13,173
37,-12,173
37,-12,173
37,-11,173
37,-11,173
38,-10,174
38,-10,173
38,-9,173
38,-9,173
38,-8,173
38,-8,173
38,-8,173
38,-7,173
38,-7,173
38,-6,173
38,-6,173
38,-5,173
38,-5,173
39,-4,173
39,-4,173
39,-3,173
39,-3,174
39,-2,173
39,-2,174
39,-1,173
39,-1,173
39,-0,174
39,-0,173
41,-0,173
41,-1,172
41,-1,172
41,-2,173
41,-2,173
41,-3,173
41,-3,172
41,-4,172
41,-4,173
41,-5,173
41,-5,172
41,-6,172
40,-6,172
40,-6,172
40,-7,172
40,-8,173
40,-8,173
40,-9,173
40,-9,173
40,-9,172
40,-10,172
40,-10,173
39,-11,172
39,-11,172
39,-12,172
39,-12,172
39,-13,172
39,-13,172
39,-14,172
39,-14,174
38,-15,173
38,-15,172
38,-16,172
38,-16,173
37,-17,172
37,-17,172
37,-17,172
37,-18,172
37,-18,173
36,-19,172
36,-19,172
36,-20,172
36,-20,172
35,-21,172
35,-21,173
35,-21,172
35,-22,173
34,-22,173
34,-23,172
34,-23,173
34,-24,173
33,-24,173
33,-25,173
33,-25,173
32,-25,172
32,-26,172
32,-26,172
31,-26,173
31,-27,172
31,-27,173
30,-27,172
30,-28,172
30,-28,172
29,-29,172
29,-29,172
30,-30,172
31,-30,173
31,-30,173
32,-29,172
32,-29,172
32,-29,173
33,-28,173
33,-28,173
34,-28,174
34,-27,173
34,-27,174
34,-26,173
35,-26,172
35,-25,173
35,-25,173
35,-24,172
36,-24,172
36,-24,174
37,-23,173
37,-23,173
37,-22,173
37,-22,173
38,-21,173
38,-21,173
38,-20,173
38,-20,173
39,-19,173
39,-19,173
39,-18,173
39,-18,172
40,-18,173
40,-17,173
40,-17,173
40,-16,173
40,-16,173
41,-15,173
41,-15,173
41,-14,173
41,-14,174
41,-13,173
41,-13,173
42,-12,173
42,-12,173
42,-11,173
42,-11,173
42,-10,173
42,-9,172
42,-9,173
42,-8,172
43,-8,173
43,-7,173
43,-7,173
43,-6,173
43,-6,172
43,-5,172
43,-5,172
43,-4,174
43,-4,173
43,-3,173
43,-3,173
43,-2,173
43,-2,173
43,-1,173
43,-1,173
43,-0,172
45,-0,172
45,-1,172
45,-1,171
45,-2,172
45,-2,172
45,-3,172
45,-3,172
45,-4,172
45,-4,172
45,-5,172
45,-6,172
45,-6,173
45,-7,172
45,-7,172
45,-8,173
45,-8,172
44,-9,172
45,-9,173
44,-10,172
44,-10,172
44,-11,173
44,-12,172
44,-12,172
44,-13,172
43,-13,172
43,-14,172
43,-14,172
43,-15,173
43,-15,173
43,-16,172
42,-16,172
42,-17,173
42,-17,173
42,-18,172
41,-18,172
41,-19,172
41,-19,172
41,-20,172
41,-20,172
40,-21,172
40,-21,172
40,-22,172
39,-22,172
39,-23,172
39,-23,172
39,-24,172
38,-24,172
38,-25,173
38,-25,171
37,-26,172
37,-26,172
37,-27,172
37,-27,173
36,-27,172
36,-28,172
35,-28,172
35,-29,172
35,-29,172
34,-30,172
34,-30,173
34,-30,172
33,-31,172
33,-31,172
33,-32,173
32,-32,172
34,-34,173
34,-33,172
35,-33,173
35,-32,172
35,-32,173
36,-32,173
36,-31,173
37,-31,173
37,-30,172
37,-30,173
38,-29,173
38,-29,173
38,-28,173
39,-28,173
39,-27,173
39,-27,173
40,-27,173
40,-26,173
40,-25,172
40,-25,172
41,-25,173
41,-24,173
42,-24,173
42,-23,173
42,-23,173
42,-22,172
43,-21,173
43,-21,173
43,-20,172
43,-20,173
44,-19,173
44,-19,172
44,-18,173
44,-18,172
44,-17,172
45,-17,173
45,-16,173
45,-16,173
45,-15,173
45,-14,172
46,-14,173
46,-13,173
46,-13,173
46,-12,173
46,-12,173
46,-11,173
47,-10,173
46,-10,172
47,-9,173
47,-9,173
47,-8,172
47,-8,172
47,-7,173
47,-6,173
47,-6,173
47,-5,172
48,-5,173
47,-4,172
48,-4,173
47,-3,172
48,-2,173
48,-2,173
47,-1,172
48,-1,173
48,-0,173
50,-0,172
50,-1,172
50,-1,172
50,-2,172
50,-2,172
50,-3,172
50,-4,172
50,-4,172
50,-5,172
50,-5,172
49,-6,172
49,-7,172
50,-7,173
49,-8,173
49,-9,173
49,-9,172
49,-10,172
49,-10,173
49,-11,172
49,-12,172
49,-12,173
48,-13,172
48,-13,172
48,-14,171
48,-14,172
48,-15,172
47,-16,172
47,-16,172
47,-17,172
47,-17,172
47,-18,172
47,-19,174
46,-19,173
46,-20,173
46,-20,172
46,-21,173
45,-21,173
45,-22,173
45,-23,173
45,-23,174
44,-24,174
44,-24,174
44,-25,174
43,-25,173
43,-26,173
43,-26,173
42,-27,173
42,-27,173
42,-28,173
41,-28,173
41,-29,173
40,-29,172
40,-30,172
40,-30,172
39,-31,172
39,-31,172
39,-32,173
38,-32,172
38,-33,173
37,-33,172
37,-33,172
37,-34,172
36,-35,173
36,-35,172
35,-35,172
37,-37,172
37,-36,171
38,-36,173
38,-36,173
39,-35,172
39,-35,172
40,-34,172
40,-34,172
40,-33,172
41,-33,173
41,-32,171
42,-32,172
42,-31,172
42,-31,172
42,-30,171
43,-30,172
43,-29,171
44,-28,172
44,-28,172
44,-27,171
45,-27,171
45,-26,171
45,-26,172
46,-25,172
46,-25,172
46,-24,172
47,-23,172
47,-23,171
47,-22,172
47,-22,171
48,-21,172
48,-20,171
48,-20,172
48,-19,171
49,-19,173
49,-18,172
49,-18,172
49,-17,172
49,-16,171
50,-16,172
50,-15,172
50,-15,172
50,-14,172
51,-13,172
51,-13,172
51,-12,172
51,-11,172
51,-11,172
51,-10,172
51,-10,172
52,-9,173
51,-8,171
51,-8,171
52,-7,172
52,-6,172
52,-6,172
52,-5,173
52,-4,172
52,-4,172
52,-3,172
52,-3,172
52,-2,171
52,-1,172
52,-1,172
52,-0,172
54,-0,172
55,-1,173
55,-1,173
54,-2,172
55,-3,173
55,-3,173
54,-4,172
54,-5,173
54,-5,173
54,-6,173
54,-7,173
54,-7,173
54,-8,173
54,-9,173
54,-9,173
54,-10,173
54,-11,173
53,-11,173
53,-12,172
53,-13,172
53,-13,173
53,-14,173
53,-15,173
52,-15,172
52,-16,173
52,-17,173
52,-17,173
52,-18,173
51,-18,173
51,-19,172
51,-20,173
51,-20,173
51,-21,173
50,-22,173
50,-22,173
50,-23,174
49,-23,172
49,-24,172
49,-25,173
49,-25,173
48,-26,172
48,-26,173
48,-27,173
47,-28,173
47,-28,173
46,-29,172
46,-29,173
46,-30,172
45,-30,173
45,-31,173
44,-31,172
44,-32,173
44,-33,173
43,-33,172
43,-33,172
42,-34,172
42,-35,173
42,-35,173
41,-36,173
41,-36,173
41,-37,173
40,-37,173
40,-38,173
39,-38,173
39,-39,173
40,-40,173
41,-40,172
42,-40,174
42,-39,174
42,-38,173
43,-38,173
43,-37,173
43,-37,172
44,-36,173
45,-36,173
45,-35,172
45,-34,172
46,-34,172
46,-33,173
47,-33,173
47,-32,173
47,-32,173
48,-31,173
48,-30,172
48,-30,172
49,-29,173
49,-29,172
49,-28,171
50,-27,172
50,-27,172
50,-26,172
51,-26,172
51,-25,173
51,-24,172
52,-24,173
52,-23,172
52,-22,173
53,-22,174
53,-21,172
53,-21,173
54,-20,173
53,-19,172
54,-18,172
54,-18,173
54,-17,172
54,-16,172
55,-16,173
55,-15,173
55,-15,173
55,-14,173
56,-13,173
55,-12,172
56,-12,172
56,-11,173
56,-10,173
56,-10,173
56,-9,173
56,-8,173
57,-8,173
57,-7,173
57,-6,173
57,-6,173
57,-5,172
57,-4,172
57,-3,172
57,-3,173
57,-2,173
57,-1,173
57,-1,173
57,-0,172
59,-0,172
59,-1,171
59,-1,172
59,-2,173
59,-3,172
59,-4,172
59,-4,173
59,-5,172
59,-6,173
59,-7,172
59,-7,172
59,-8,172
59,-9,172
58,-9,172
59,-10,173
59,-11,173
58,-12,173
58,-12,172
58,-13,172
58,-14,172
58,-14,173
58,-15,173
57,-16,173
57,-16,171
57,-17,173
57,-18,173
56,-19,172
56,-19,172
56,-20,173
55,-21,172
56,-21,173
55,-22,172
55,-23,173
54,-23,172
54,-24,173
54,-25,173
54,-25,172
53,-26,173
53,-27,172
53,-27,173
52,-28,172
52,-29,172
52,-29,172
51,-30,173
51,-31,173
50,-31,172
50,-32,172
50,-32,173
49,-33,172
49,-33,172
48,-34,172
48,-35,172
48,-35,172
47,-36,173
47,-37,173
46,-37,172
46,-38,172
45,-38,172
45,-39,172
45,-39,173
44,-40,172
44,-41,173
43,-41,173
43,-42,173
42,-42,172
44,-44,172
44,-43,172
45,-43,172
45,-42,172
46,-41,172
46,-41,172
47,-40,172
47,-40,172
48,-39,172
48,-39,173
49,-38,173
49,-38,173
50,-37,173
50,-36,172
51,-36,173
51,-35,172
51,-34,172
52,-34,172
52,-33,172
53,-33,173
53,-32,172
53,-31,172
54,-30,172
54,-30,173
54,-29,172
55,-29,173
55,-28,173
56,-27,173
56,-26,172
56,-26,173
57,-25,173
57,-24,172
57,-24,172
58,-23,173
58,-22,172
58,-21,172
58,-21,172
58,-20,172
59,-19,172
59,-19,173
59,-18,172
59,-17,172
60,-17,173
60,-16,173
60,-15,172
60,-14,173
60,-14,173
61,-13,173
60,-12,172
61,-11,173
61,-11,173
61,-10,172
61,-9,173
61,-8,173
61,-8,172
62,-7,173
62,-6,173
61,-5,172
61,-5,172
62,-4,172
62,-3,173
62,-2,173
62,-2,172
62,-1,173
62,-0,172
64,-0,172
64,-1,172
64,-2,172
64,-2,172
64,-3,172
64,-4,172
64,-5,172
64,-6,172
64,-6,172
63,-7,172
64,-8,172
64,-9,173
63,-9,172
64,-10,173
64,-11,173
63,-12,173
63,-13,172
63,-13,173
63,-14,172
62,-15,172
62,-16,172
62,-16,172
62,-17,172
62,-18,172
61,-19,172
61,-19,172
61,-20,172
61,-21,172
60,-22,172
60,-22,172
60,-23,172
60,-24,172
59,-25,172
59,-25,172
59,-26,173
58,-27,172
58,-27,172
58,-28,173
57,-29,172
57,-30,172
57,-30,172
56,-31,172
56,-32,172
55,-32,172
55,-33,172
55,-34,172
54,-34,172
54,-35,172
53,-36,172
53,-36,172
53,-37,173
52,-38,172
51,-38,172
51,-39,172
51,-40,173
50,-40,172
50,-41,172
49,-41,172
49,-42,173
48,-42,172
48,-43,173
47,-44,172
46,-44,172
46,-45,172
45,-45,172
47,-47,173
48,-46,173
48,-46,174
49,-45,173
49,-44,172
50,-44,173
50,-43,173
51,-43,173
51,-42,173
52,-42,174
52,-41,173
53,-40,172
54,-40,174
54,-39,174
54,-38,173
55,-38,173
56,-37,174
56,-36,173
56,-36,173
57,-35,173
57,-34,173
58,-34,173
58,-33,173
59,-32,174
59,-32,174
59,-31,174
59,-30,173
60,-29,173
60,-28,173
61,-28,173
61,-27,173
61,-26,173
62,-26,174
62,-25,174
62,-24,173
63,-23,174
63,-22,173
63,-22,173
64,-21,174
63,-20,173
64,-19,173
64,-19,173
64,-18,173
64,-17,173
65,-16,173
65,-15,173
65,-15,173
65,-14,173
65,-13,173
66,-12,174
66,-11,174
66,-11,173
66,-10,173
66,-9,173
66,-8,174
67,-7,174
66,-7,173
66,-6,172
66,-5,173
67,-4,174
67,-3,173
67,-2,173
67,-2,173
67,-1,173
67,-0,173
69,-0,173
69,-1,173
69,-2,172
69,-3,173
69,-3,172
69,-4,173
69,-5,173
68,-6,172
69,-7,173
69,-8,173
69,-8,173
68,-9,173
68,-10,173
68,-11,173
68,-12,173
68,-13,172
67,-13,172
68,-14,173
67,-15,173
67,-16,172
67,-17,173
67,-18,173
66,-18,172
66,-19,172
66,-20,173
66,-21,173
66,-22,173
65,-22,173
65,-23,173
65,-24,173
64,-25,173
64,-26,172
63,-26,172
63,-27,173
63,-28,173
63,-29,173
62,-30,173
62,-30,172
62,-31,173
61,-32,173
61,-33,173
61,-33,173
60,-34,173
60,-35,173
59,-36,173
59,-36,173
58,-37,173
58,-38,173
57,-38,173
57,-39,173
56,-40,173
56,-40,173
55,-41,173
55,-42,173
54,-42,173
54,-43,174
54,-44,174
53,-44,173
52,-45,173
52,-46,174
51,-46,173
51,-47,173
50,-48,173
49,-48,173
49,-49,173
51,-51,173
51,-50,172
52,-49,173
52,-49,173
53,-48,173
54,-47,173
54,-47,173
55,-46,173
55,-45,173
56,-45,173
56,-44,173
57,-44,174
57,-43,173
58,-42,173
59,-41,173
59,-40,172
60,-40,173
60,-39,174
60,-38,173
61,-38,174
62,-37,174
62,-36,173
62,-35,173
63,-35,173
63,-34,174
64,-33,173
64,-32,173
64,-31,173
65,-31,173
65,-30,172
65,-29,172
66,-28,173
66,-27,173
66,-26,172
67,-26,173
67,-25,172
67,-24,173
68,-23,173
68,-22,172
68,-22,173
68,-21,172
69,-20,173
69,-19,173
69,-18,172
69,-17,173
70,-17,173
69,-16,172
70,-15,172
70,-14,172
70,-13,173
71,-12,173
71,-11,173
71,-11,173
71,-10,173
71,-9,172
71,-8,173
71,-7,173
71,-6,173
72,-5,174
71,-4,173
71,-3,172
72,-3,173
72,-2,173
72,-1,173
71,-0,172
74,-0,172
74,-1,172
74,-2,173
74,-3,173
74,-4,173
74,-5,172
74,-5,173
74,-6,173
74,-7,173
74,-8,173
74,-9,175
73,-10,173
73,-11,173
73,-12,172
73,-13,173
73,-14,173
73,-15,174
72,-15,173
72,-16,173
72,-17,173
72,-18,173
72,-19,173
71,-20,173
71,-21,172
71,-22,173
71,-22,173
70,-23,173
70,-24,173
70,-25,173
69,-26,173
69,-27,173
69,-28,173
68,-28,172
68,-29,173
68,-30,173
67,-31,173
67,-32,173
67,-32,173
66,-33,173
66,-34,173
65,-35,173
65,-36,172
64,-36,172
64,-37,173
64,-38,173
63,-39,173
63,-40,174
62,-41,174
62,-41,174
62,-42,175
61,-43,174
60,-43,173
60,-44,174
59,-45,173
59,-46,174
58,-46,173
57,-47,173
57,-48,173
56,-48,173
55,-49,173
55,-50,174
54,-50,173
54,-51,173
53,-52,173
52,-52,173
54,-54,174
55,-53,173
55,-53,173
56,-52,173
57,-52,174
57,-51,173
58,-50,173
59,-50,174
60,-49,174
60,-48,173
61,-47,174
61,-47,174
62,-46,174
62,-45,173
63,-44,173
63,-44,174
64,-43,174
64,-42,173
65,-41,174
65,-40,173
66,-39,173
66,-39,173
67,-38,173
67,-37,173
68,-36,173
68,-35,173
68,-34,173
69,-34,173
69,-33,172
70,-32,174
70,-31,173
70,-30,173
70,-29,172
71,-28,172
71,-28,173
72,-27,173
72,-26,172
72,-25,173
72,-24,172
73,-23,173
73,-22,172
73,-21,172
74,-20,173
74,-20,173
74,-19,172
75,-18,173
74,-17,172
75,-16,173
75,-15,173
75,-14,173
75,-13,172
75,-12,172
76,-11,173
76,-10,173
76,-9,172
76,-8,172
76,-8,173
76,-7,173
76,-6,173
77,-5,174
77,-4,174
77,-3,173
77,-2,173
77,-1,173
77,-0,173
79,-0,173
80,-1,174
80,-2,174
79,-3,173
79,-4,173
79,-5,174
79,-6,174
79,-7,173
79,-8,174
79,-9,174
79,-10,174
78,-11,173
78,-12,173
79,-13,174
78,-14,173
78,-15,174
78,-15,173
77,-16,173
77,-17,173
77,-18,173
77,-19,174
77,-20,173
76,-21,173
76,-22,173
76,-23,173
76,-24,174
75,-25,173
75,-26,173
75,-27,174
74,-28,173
74,-29,174
73,-29,173
73,-30,174
73,-31,174
72,-32,173
72,-33,174
72,-34,173
71,-35,173
71,-36,173
71,-37,174
70,-37,173
70,-38,174
69,-39,173
68,-40,173
68,-41,174
68,-42,174
67,-42,173
66,-43,173
66,-44,174
65,-45,173
65,-46,174
64,-47,174
64,-47,173
63,-48,174
63,-49,174
62,-50,174
61,-50,174
61,-51,174
60,-52,174
59,-52,173
59,-53,173
58,-54,173
58,-55,174
57,-55,173
56,-56,174
58,-58,174
59,-57,174
59,-57,174
60,-56,174
61,-55,174
61,-54,174
62,-54,174
62,-53,173
63,-52,174
64,-51,174
65,-51,174
65,-50,174
66,-49,174
66,-48,173
67,-47,174
68,-46,174
68,-46,174
69,-45,174
69,-44,173
70,-43,174
70,-42,174
71,-41,174
71,-40,174
72,-40,174
72,-38,173
72,-37,172
73,-37,174
73,-36,173
74,-35,174
74,-34,173
75,-33,174
75,-32,174
76,-31,174
76,-30,174
77,-30,174
77,-29,174
77,-28,174
77,-27,173
78,-26,174
78,-25,173
78,-24,173
79,-23,174
79,-22,174
79,-21,173
80,-20,174
79,-19,173
80,-18,173
80,-17,174
81,-16,174
81,-15,174
81,-14,174
81,-13,174
81,-12,174
81,-11,174
81,-10,174
82,-9,174
82,-8,174
82,-7,174
82,-6,174
82,-5,174
82,-4,174
82,-3,174
82,-2,174
82,-1,174
82,-0,174
85,-0,173
85,-1,173
85,-2,173
85,-3,174
85,-4,173
84,-5,173
84,-6,173
84,-7,173
84,-8,173
84,-9,173
84,-10,174
84,-11,173
83,-12,173
84,-14,174
83,-14,173
83,-15,173
83,-17,173
83,-18,173
83,-19,173
82,-20,173
82,-20,173
82,-22,173
82,-23,173
81,-24,173
81,-25,173
81,-26,173
80,-26,173
80,-28,173
79,-28,173
79,-29,173
79,-30,173
79,-31,173
78,-32,173
77,-33,173
77,-34,173
77,-35,173
77,-36,173
76,-37,173
75,-38,173
75,-39,173
75,-40,173
74,-41,173
73,-42,173
73,-43,173
73,-44,174
72,-44,173
72,-46,174
71,-46,174
71,-47,174
70,-48,174
70,-49,174
69,-50,174
68,-51,174
68,-52,174
67,-52,173
66,-53,173
66,-54,174
65,-55,174
64,-56,174
64,-56,174
63,-57,174
63,-58,175
62,-59,175
61,-60,175
60,-60,174
62,-62,174
63,-61,174
63,-60,173
64,-60,174
65,-59,174
66,-58,174
66,-57,174
67,-56,173
67,-55,173
68,-55,174
69,-54,174
69,-53,173
70,-52,173
71,-51,173
71,-50,173
72,-49,173
73,-48,173
73,-48,173
74,-47,173
74,-46,173
75,-45,174
75,-44,173
76,-43,173
76,-42,173
77,-41,173
77,-40,173
78,-39,172
78,-38,173
79,-37,173
79,-36,173
80,-35,173
80,-34,173
81,-33,173
81,-32,173
81,-31,173
82,-30,173
82,-29,173
82,-28,173
83,-27,173
83,-26,173
83,-25,173
84,-24,173
84,-23,173
84,-22,173
85,-21,173
85,-20,173
85,-19,173
85,-18,173
86,-17,173
85,-16,172
86,-15,174
86,-14,173
87,-13,174
86,-12,173
87,-11,173
87,-10,173
87,-9,173
87,-8,174
87,-6,173
87,-5,173
88,-4,174
87,-3,173
87,-2,173
88,-1,174
88,-0,174
90,-0,173
90,-1,174
90,-2,174
91,-3,175
90,-4,174
90,-6,174
90,-7,173
90,-8,174
90,-9,175
90,-10,174
90,-11,174
89,-12,173
89,-13,173
89,-14,173
88,-15,173
88,-16,173
89,-18,174
88,-19,173
88,-20,173
88,-21,174
88,-22,174
87,-23,173
87,-24,174
87,-25,174
86,-26,174
86,-27,173
85,-28,173
85,-29,173
85,-30,174
84,-31,173
84,-32,173
84,-34,174
83,-34,173
83,-36,174
82,-36,173
82,-37,173
82,-39,174
81,-39,173
80,-40,173
80,-41,173
79,-42,173
79,-44,174
78,-44,173
78,-45,173
77,-46,174
76,-47,173
76,-48,173
75,-49,173
75,-50,173
74,-51,173
74,-52,174
73,-53,173
73,-54,174
72,-55,174
71,-56,174
70,-56,173
70,-57,174
69,-58,174
68,-59,173
67,-59,173
67,-61,174
66,-61,174
65,-62,173
65,-63,174
64,-64,173
65,-65,173
66,-65,173
67,-64,173
68,-63,173
68,-62,173
69,-61,173
70,-60,173
71,-59,173
71,-59,173
72,-58,173
73,-57,173
74,-56,173
74,-55,173
75,-54,173
76,-53,173
76,-52,173
77,-51,173
78,-51,174
78,-49,173
79,-48,173
79,-47,173
80,-47,173
80,-46,173
81,-45,173
81,-43,172
82,-42,172
82,-41,172
83,-41,173
84,-40,173
84,-38,173
85,-38,174
85,-36,173
85,-35,173
86,-34,173
86,-33,172
87,-32,173
87,-31,173
87,-30,173
88,-29,173
88,-28,173
88,-27,173
89,-26,173
89,-25,173
89,-23,172
90,-22,173
90,-21,173
90,-20,172
90,-19,173
90,-18,172
91,-17,173
91,-16,174
91,-15,172
91,-13,172
92,-12,173
92,-11,173
92,-10,173
92,-9,173
92,-8,173
92,-7,173
92,-6,173
92,-5,173
93,-3,174
92,-2,173
93,-1,174
92,-0,172
95,-0,173
95,-1,173
95,-2,173
95,-4,173
95,-5,173
95,-6,173
95,-7,173
95,-8,173
95,-9,173
95,-11,173
94,-12,173
94,-13,173
94,-14,173
94,-15,173
94,-16,173
93,-17,173
93,-19,173
93,-20,173
93,-21,173
92,-22,173
92,-23,173
92,-24,173
92,-25,173
91,-26,173
91,-28,173
91,-29,173
90,-30,173
90,-31,173
89,-32,173
89,-33,173
89,-34,173
88,-35,173
88,-36,173
87,-37,173
87,-38,173
86,-40,173
86,-41,173
85,-42,173
85,-43,173
85,-44,173
84,-45,173
83,-46,173
83,-47,173
82,-48,173
81,-49,173
81,-50,173
80,-51,173
80,-52,173
79,-53,173
78,-54,173
78,-55,173
77,-56,173
76,-57,173
76,-58,173
75,-58,173
74,-59,173
73,-60,173
73,-61,173
72,-62,173
71,-63,173
71,-64,173
70,-65,173
69,-65,173
68,-67,173
68,-68,173
69,-69,173
70,-69,173
71,-68,173
72,-67,173
73,-66,173
73,-65,173
74,-64,173
75,-63,172
76,-62,173
77,-61,173
77,-60,173
78,-59,172
79,-58,173
79,-57,172
80,-56,173
81,-55,173
81,-54,172
82,-53,173
82,-52,172
84,-51,173
84,-50,172
84,-49,172
85,-48,173
86,-47,173
87,-46,173
87,-45,172
87,-44,172
89,-43,174
89,-42,173
89,-41,172
90,-40,173
90,-39,173
90,-37,172
91,-36,172
92,-35,173
92,-34,174
92,-33,173
92,-32,172
93,-31,173
93,-29,172
93,-28,172
94,-27,172
94,-26,172
94,-25,172
95,-24,172
95,-23,172
95,-21,172
95,-20,172
96,-19,172
95,-18,171
97,-17,173
96,-16,172
97,-14,172
97,-13,173
97,-12,172
97,-11,173
98,-10,173
97,-8,172
97,-7,172
97,-6,172
97,-5,172
98,-4,172
98,-2,172
98,-1,173
98,-0,173
100,-0,172
100,-1,172
100,-2,172
101,-4,173
100,-5,172
100,-6,172
100,-7,172
100,-9,172
100,-10,173
100,-11,173
100,-12,173
99,-13,172
100,-15,173
99,-16,172
99,-17,172
99,-18,172
99,-20,173
98,-21,172
98,-22,172
97,-23,172
98,-24,173
97,-26,173
97,-27,173
97,-28,173
96,-29,172
96,-30,172
95,-31,172
94,-32,171
94,-34,172
94,-35,173
93,-36,172
94,-37,173
93,-38,172
92,-39,172
91,-40,171
92,-42,173
91,-43,172
90,-44,172
90,-45,172
89,-46,172
88,-47,172
88,-49,173
87,-49,172
87,-51,173
86,-52,172
86,-53,173
85,-54,173
84,-55,172
83,-56,172
83,-57,172
82,-58,173
82,-59,173
80,-60,172
80,-61,173
79,-62,173
79,-63,173
77,-64,172
77,-65,173
76,-66,173
75,-67,173
75,-68,173
74,-69,173
73,-69,173
72,-71,174
71,-71,173
71,-71,166
71,-70,166
72,-69,166
73,-68,167
75,-68,169
76,-67,170
78,-67,172
79,-67,173
80,-66,173
81,-65,172
81,-64,172
82,-63,172
83,-62,172
84,-61,172
84,-60,172
85,-58,172
85,-57,172
87,-56,172
87,-55,172
88,-54,172
89,-53,172
89,-52,172
90,-51,173
90,-50,172
91,-48,172
92,-48,172
92,-46,172
93,-45,172
93,-44,172
93,-43,172
94,-42,172
95,-41,172
95,-39,172
96,-38,172
96,-37,172
97,-36,172
97,-35,172
98,-34,172
98,-32,172
98,-31,172
98,-30,172
99,-29,172
100,-28,172
99,-26,172
100,-25,172
100,-24,172
100,-23,172
101,-21,172
101,-20,172
101,-19,172
102,-18,172
102,-16,172
102,-15,172
102,-14,172
102,-13,172
103,-11,172
103,-10,172
103,-9,172
103,-8,172
103,-6,172
103,-5,172
103,-4,172
103,-3,172
103,-1,172
103,-0,172
106,-0,173
106,-1,172
106,-3,172
106,-4,172
106,-5,172
106,-6,172
106,-8,172
106,-9,172
105,-10,172
105,-12,172
105,-13,172
105,-14,172
105,-16,172
105,-17,173
104,-18,172
104,-19,172
104,-21,172
104,-22,172
103,-23,172
104,-25,173
103,-26,172
103,-27,173
102,-28,172
102,-30,172
102,-31,173
101,-32,172
101,-33,172
100,-34,172
100,-36,172
99,-37,172
99,-38,172
98,-39,172
98,-41,172
98,-42,173
97,-43,172
96,-44,172
96,-45,172
96,-47,173
95,-48,173
95,-49,173
93,-50,172
93,-51,172
92,-52,172
92,-54,173
91,-55,173
91,-56,173
90,-57,173
89,-58,172
88,-59,172
87,-60,172
87,-61,172
86,-62,172
85,-63,172
84,-64,172
84,-65,172
83,-66,172
82,-67,172
81,-68,172
81,-70,173
80,-71,174
79,-72,173
77,-72,171
76,-72,169
74,-72,167
72,-72,165
71,-71,158
71,-69,157
72,-69,158
74,-68,159
75,-68,161
77,-68,162
78,-67,163
80,-68,166
81,-67,166
84,-68,171
86,-67,172
87,-66,173
88,-65,172
88,-64,172
89,-63,172
90,-61,172
91,-61,172
91,-60,172
92,-58,172
93,-57,172
94,-56,172
94,-55,172
95,-54,173
96,-53,173
96,-51,172
97,-51,173
97,-49,172
98,-48,172
99,-47,172
99,-45,172
100,-44,172
101,-43,173
101,-42,172
101,-41,172
102,-39,173
102,-38,172
103,-37,172
103,-36,172
104,-34,172
104,-33,172
104,-32,172
105,-30,172
105,-29,172
106,-28,172
106,-27,172
106,-25,172
106,-24,172
106,-22,172
107,-21,172
107,-20,172
107,-19,172
107,-17,172
107,-16,172
108,-15,172
108,-13,172
108,-12,172
108,-11,171
108,-9,172
108,-8,172
108,-7,172
108,-5,171
109,-4,172
109,-3,172
109,-1,172
109,-0,172
110,-0,168
110,-1,168
110,-3,169
111,-4,170
109,-5,168
109,-7,168
110,-8,169
110,-9,169
110,-11,169
110,-12,170
110,-14,170
109,-15,169
110,-16,170
109,-18,170
110,-19,171
110,-20,172
110,-22,172
109,-23,172
109,-24,171
109,-26,172
108,-27,171
108,-28,171
107,-30,171
107,-31,171
106,-32,171
107,-34,172
106,-35,171
106,-36,172
105,-38,172
105,-39,173
104,-40,172
104,-42,172
104,-43,173
103,-44,173
103,-46,173
102,-47,173
102,-48,173
101,-49,173
100,-51,173
100,-52,173
99,-53,173
98,-54,173
98,-55,173
97,-57,173
96,-58,173
96,-59,173
95,-60,173
94,-61,173
93,-62,173
92,-63,172
92,-65,173
91,-65,172
90,-67,173
89,-68,173
89,-69,173
88,-70,173
87,-71,173
86,-72,173
83,-72,168
81,-72,166
79,-72,164
78,-72,163
75,-72,160
74,-72,158
72,-72,157
71,-71,150
72,-70,150
72,-69,149
73,-68,150
75,-68,151
77,-68,154
79,-68,155
80,-68,157
82,-67,159
84,-67,161
86,-67,163
88,-67,165
90,-67,167
92,-67,170
94,-67,173
96,-66,174
96,-64,173
97,-63,173
97,-62,172
98,-60,172
99,-59,172
100,-58,173
101,-57,173
101,-56,173
102,-54,173
103,-53,173
103,-52,173
104,-51,173
104,-49,173
105,-48,173
106,-47,173
106,-46,173
106,-44,172
107,-43,173
108,-42,173
108,-40,172
109,-39,173
109,-37,172
109,-36,171
110,-35,172
109,-33,170
110,-32,171
111,-31,172
111,-29,172
112,-28,172
111,-26,171
111,-25,170
111,-24,170
111,-22,170
111,-21,170
112,-19,170
111,-18,168
111,-16,168
111,-15,168
111,-14,168
112,-12,168
111,-11,167
111,-10,166
111,-8,166
111,-7,166
111,-5,166
110,-4,165
111,-3,166
111,-1,165
111,-0,165
110,-0,161
110,-1,161
110,-3,161
110,-4,161
110,-5,160
110,-7,160
109,-8,160
110,-9,161
110,-11,161
110,-12,162
110,-14,162
110,-15,162
110,-16,162
110,-18,162
110,-19,162
110,-21,163
110,-22,163
110,-23,164
110,-25,164
110,-26,164
110,-27,165
109,-29,165
110,-30,166
110,-32,167
109,-33,167
109,-35,167
110,-36,169
110,-38,169
110,-39,170
110,-41,171
109,-42,171
109,-44,172
109,-45,172
108,-46,171
107,-47,171
106,-49,171
106,-50,172
106,-52,172
105,-53,171
104,-54,172
104,-55,172
103,-57,172
103,-58,172
102,-60,172
100,-60,171
100,-62,172
99,-63,172
99,-64,172
98,-65,172
97,-67,172
96,-68,172
95,-69,172
96,-71,174
94,-71,172
91,-71,168
89,-71,166
87,-71,164
85,-71,162
83,-71,159
81,-72,157
79,-71,155
78,-72,154
75,-72,152
73,-72,149
71,-71,147
69,-69,139
70,-69,140
71,-68,140
72,-67,140
74,-67,142
75,-67,143
78,-67,146
80,-67,148
81,-67,150
84,-67,152
85,-67,154
87,-66,155
89,-66,158
91,-66,160
93,-66,162
95,-65,164
99,-66,168
101,-66,172
103,-65,173
103,-64,173
104,-62,172
104,-61,171
105,-59,171
105,-58,171
107,-57,172
107,-56,172
107,-54,171
108,-53,171
109,-51,171
109,-50,170
110,-49,171
111,-47,171
111,-46,171
112,-45,171
113,-44,172
113,-42,172
113,-41,171
114,-39,172
114,-38,170
114,-36,169
113,-34,168
113,-33,167
112,-31,165
112,-29,164
112,-28,164
113,-27,164
112,-25,163
113,-24,164
112,-22,163
112,-21,161
112,-19,161
111,-18,160
112,-17,160
112,-15,160
111,-14,159
112,-12,159
111,-11,159
111,-10,159
111,-8,159
110,-7,157
111,-5,158
110,-4,157
111,-3,157
110,-1,156
111,-0,157
111,-0,153
111,-1,153
111,-3,153
110,-4,152
111,-5,153
111,-7,154
110,-8,153
111,-10,154
111,-11,154
110,-12,153
110,-14,154
111,-15,155
110,-16,154
110,-18,155
110,-19,155
110,-20,155
110,-22,155
111,-23,156
110,-25,156
111,-26,157
111,-28,158
110,-29,157
111,-31,159
110,-32,159
110,-33,160
111,-35,160
111,-37,161
111,-38,162
111,-40,163
110,-41,163
110,-43,164
110,-44,164
110,-46,165
110,-47,166
110,-49,167
111,-51,169
111,-52,169
111,-54,171
111,-56,172
111,-57,173
110,-59,172
108,-60,171
108,-61,171
107,-62,171
107,-64,172
105,-65,171
104,-66,171
103,-67,170
104,-69,173
103,-71,173
101,-71,171
99,-71,169
96,-71,165
94,-71,163
91,-71,160
89,-71,157
87,-71,156
85,-71,153
83,-72,152
81,-72,150
79,-71,147
77,-72,146
75,-71,143
73,-71,141
71,-71,139
70,-70,133
70,-69,133
71,-68,133
73,-68,134
74,-67,135
76,-67,137
77,-67,137
79,-66,139
82,-67,142
84,-67,145
85,-67,146
88,-67,149
89,-66,149
92,-66,153
94,-66,154
96,-66,157
98,-65,158
100,-65,161
103,-65,165
106,-65,168
108,-65,170
111,-65,173
112,-63,173
111,-61,171
111,-60,170
113,-59,172
114,-58,173
115,-56,172
114,-54,170
113,-52,168
114,-50,168
113,-48,165
113,-47,165
113,-45,164
113,-44,163
113,-42,162
113,-40,161
113,-39,161
113,-37,160
112,-35,158
112,-34,158
112,-32,157
112,-31,157
112,-29,156
112,-28,155
112,-27,155
112,-25,154
111,-24,153
111,-22,153
111,-21,153
111,-19,152
111,-18,151
111,-16,151
111,-15,151
111,-14,151
111,-12,151
111,-11,150
111,-10,150
110,-8,149
111,-7,149
111,-5,149
111,-4,149
110,-3,149
110,-1,149
110,-0,149
110,-0,144
110,-1,144
110,-3,144
110,-4,144
109,-5,144
110,-7,145
110,-8,145
110,-9,145
110,-11,145
110,-12,145
110,-14,146
110,-15,146
110,-16,146
111,-18,147
110,-19,147
110,-21,147
110,-22,147
110,-23,147
110,-25,148
110,-26,149
110,-28,150
110,-29,150
110,-30,150
110,-32,150
110,-33,150
110,-35,151
110,-36,152
110,-38,153
110,-39,154
110,-41,154
110,-42,155
110,-44,156
110,-46,157
110,-47,158
110,-49,158
110,-50,159
111,-52,161
110,-54,162
110,-56,162
111,-58,165
111,-59,165
111,-61,166
111,-63,168
111,-65,169
111,-66,170
110,-68,170
109,-69,170
108,-70,170
105,-70,166
104,-71,166
100,-71,162
98,-71,158
95,-70,155
93,-70,153
91,-71,151
88,-71,149
86,-71,146
84,-71,145
83,-71,143
80,-71,141
78,-71,138
76,-70,136
74,-71,134
73,-71,134
71,-71,132
69,-69,125
70,-68,125
71,-67,125
72,-67,126
73,-67,127
75,-66,129
77,-66,130
79,-66,132
80,-66,133
82,-66,135
84,-65,136
87,-66,140
89,-66,142
92,-66,145
94,-66,147
96,-66,149
98,-65,151
100,-65,153
102,-65,155
105,-65,158
108,-65,162
111,-64,164
113,-64,166
114,-63,167
114,-61,166
115,-60,166
115,-58,165
114,-56,162
113,-54,161
114,-52,160
113,-50,158
113,-48,158
113,-47,157
114,-45,157
113,-44,155
113,-42,155
113,-40,154
112,-39,152
113,-37,152
113,-36,151
112,-34,150
112,-33,150
112,-31,149
112,-29,148
112,-28,148
112,-27,147
112,-25,147
111,-24,146
112,-22,146
112,-21,146
112,-19,145
112,-18,145
111,-17,144
111,-15,143
111,-14,143
111,-12,143
110,-11,142
110,-10,142
110,-8,141
110,-7,141
109,-5,140
109,-4,140
109,-3,140
110,-1,140
110,-0,140
109,-0,137
109,-1,137
109,-3,137
109,-4,137
109,-5,137
109,-7,137
109,-8,137
109,-9,137
109,-11,137
109,-12,137
109,-13,137
110,-15,138
109,-16,138
109,-18,138
110,-19,139
109,-20,139
109,-22,139
109,-23,140
109,-25,140
109,-26,141
110,-27,141
110,-29,142
110,-30,143
111,-32,144
111,-34,144
111,-35,145
110,-36,145
110,-38,146
110,-39,146
110,-41,146
110,-42,147
110,-44,148
110,-46,149
110,-47,149
110,-49,151
110,-50,151
110,-52,152
110,-54,153
110,-55,154
109,-57,154
110,-59,155
109,-60,156
109,-62,157
110,-64,159
109,-66,159
109,-67,160
109,-69,162
108,-70,161
105,-70,158
102,-70,155
100,-70,152
97,-70,150
95,-71,148
93,-71,146
91,-71,144
88,-71,141
86,-71,140
84,-71,137
81,-70,134
80,-70,133
78,-70,131
76,-71,130
74,-71,128
72,-71,126
71,-71,125
70,-70,120
70,-69,120
72,-68,121
73,-68,121
74,-67,122
76,-67,123
77,-67,124
80,-67,127
81,-66,128
83,-67,130
85,-66,131
87,-66,133
89,-66,135
90,-65,136
93,-66,139
96,-66,141
98,-66,144
100,-65,145
103,-65,148
105,-65,150
108,-65,153
110,-64,155
112,-63,157
113,-62,158
114,-61,157
114,-59,156
113,-57,155
113,-55,154
114,-54,154
114,-52,152
113,-50,151
114,-49,151
114,-47,150
113,-45,148
113,-44,148
113,-42,147
113,-41,147
112,-39,145
113,-37,145
112,-36,144
113,-34,144
112,-33,142
113,-31,143
112,-30,141
111,-28,140
112,-27,140
111,-25,139
111,-24,138
111,-22,138
111,-21,138
110,-19,136
110,-18,136
110,-16,136
110,-15,135
111,-14,136
110,-12,135
110,-11,135
110,-9,135
110,-8,135
110,-7,135
110,-5,135
110,-4,134
110,-3,134
109,-1,133
109,-0,133
109,-0,129
109,-1,129
109,-3,129
108,-4,129
109,-5,129
109,-7,129
109,-8,129
108,-9,129
108,-11,129
109,-12,130
109,-13,131
108,-15,130
108,-16,130
109,-18,132
110,-19,132
110,-20,132
109,-22,132
110,-23,133
109,-25,133
109,-26,133
110,-28,135
109,-29,134
109,-30,135
109,-32,135
110,-33,136
109,-35,136
109,-36,137
110,-38,138
110,-39,139
110,-41,140
111,-43,141
111,-44,142
111,-46,142
110,-47,142
110,-49,143
110,-50,144
110,-52,145
110,-54,145
110,-56,147
110,-57,148
111,-59,149
111,-61,150
110,-63,151
110,-64,152
110,-66,153
110,-68,153
109,-69,153
108,-70,153
105,-70,151
102,-70,148
101,-71,146
98,-71,143
96,-71,142
93,-71,139
90,-71,136
88,-71,135
86,-71,132
84,-71,131
82,-71,129
81,-71,128
78,-71,125
76,-71,124
75,-71,122
73,-71,122
72,-72,121
70,-70,114
71,-69,114
71,-68,114
73,-68,115
75,-68,117
76,-67,117
78,-67,119
79,-66,120
81,-66,121
83,-67,123
85,-66,125
87,-66,126
89,-66,128
91,-65,129
92,-65,131
96,-66,135
98,-66,137
100,-65,139
103,-65,141
105,-65,143
108,-64,145
109,-64,147
113,-64,150
114,-63,151
113,-61,149
114,-59,149
114,-57,148
114,-56,148
113,-54,145
114,-52,145
113,-50,143
113,-49,143
113,-47,142
113,-45,141
114,-44,142
114,-42,141
113,-40,139
112,-39,138
113,-37,138
112,-36,136
112,-34,136
112,-32,135
111,-31,134
111,-29,133
112,-28,133
112,-27,133
111,-25,132
111,-24,132
111,-22,132
111,-21,131
111,-19,130
111,-18,130
110,-16,129
110,-15,129
110,-14,129
110,-12,129
110,-11,128
109,-9,127
109,-8,127
110,-7,127
109,-5,126
110,-4,127
109,-3,126
109,-1,126
109,-0,126
109,-0,124
109,-1,124
109,-3,124
109,-4,124
109,-5,124
109,-7,124
109,-8,124
110,-9,124
109,-11,124
109,-12,124
109,-13,124
109,-15,124
109,-16,124
109,-17,124
108,-19,124
108,-20,124
108,-22,125
109,-23,126
109,-24,126
109,-26,127
109,-27,127
109,-29,127
109,-30,128
109,-32,128
109,-33,129
109,-35,130
109,-36,130
110,-38,131
109,-39,131
109,-41,132
110,-42,133
109,-44,133
110,-45,134
110,-47,136
111,-49,138
111,-51,138
111,-52,139
111,-54,139
111,-56,140
111,-57,141
110,-59,142
111,-61,143
110,-62,143
110,-64,145
110,-66,145
110,-68,146
110,-69,147
108,-70,145
105,-70,143
103,-71,142
101,-71,139
98,-71,136
96,-71,135
93,-71,132
90,-71,130
88,-71,128
86,-71,126
84,-71,124
82,-71,123
80,-71,121
79,-71,120
76,-71,118
75,-71,117
73,-71,115
71,-71,113
68,-68,107
70,-68,107
71,-67,107
71,-66,107
74,-67,110
75,-67,111
78,-67,113
80,-67,115
82,-67,116
83,-66,117
85,-67,119
87,-66,120
89,-66,122
91,-66,124
92,-65,124
95,-65,127
97,-65,129
100,-65,132
103,-65,135
105,-65,136
108,-65,139
110,-64,141
112,-64,142
114,-62,143
114,-61,142
114,-59,142
114,-57,141
114,-56,140
114,-54,139
114,-52,139
114,-50,137
114,-49,136
114,-47,136
113,-45,135
113,-44,134
113,-42,133
112,-40,131
112,-39,131
112,-37,130
112,-35,130
112,-34,129
112,-33,129
113,-31,129
112,-29,127
112,-28,127
111,-26,126
111,-25,126
110,-23,124
111,-22,124
110,-21,124
110,-19,124
110,-18,123
110,-16,123
110,-15,123
110,-14,122
110,-12,122
110,-11,122
110,-10,122
110,-8,122
111,-7,122
110,-5,122
110,-4,122
110,-3,122
110,-1,122
109,-0,121
110,-0,118
110,-1,118
109,-3,117
110,-4,118
109,-5,118
109,-7,118
110,-8,119
109,-9,118
110,-11,119
110,-12,119
109,-13,119
110,-15,119
110,-16,119
109,-18,119
109,-19,119
110,-20,120
109,-22,120
109,-23,120
110,-25,121
109,-26,121
110,-27,122
109,-29,122
109,-30,122
109,-32,122
109,-33,122
109,-35,123
109,-36,124
109,-38,125
108,-39,124
109,-41,125
109,-42,126
109,-44,127
109,-45,127
109,-47,127
110,-49,129
110,-50,130
110,-52,130
109,-53,131
111,-56,133
110,-57,133
110,-59,135
110,-61,136
110,-62,136
110,-64,137
110,-66,138
110,-68,139
109,-69,139
107,-70,138
105,-70,136
103,-70,134
100,-70,131
97,-70,129
95,-70,127
92,-70,125
90,-70,123
88,-70,121
86,-70,119
84,-71,118
81,-70,116
80,-71,115
79,-71,114
77,-71,113
75,-71,111
73,-71,110
72,-72,109
70,-70,104
70,-68,103
71,-68,104
72,-67,104
74,-67,105
75,-67,106
77,-67,107
79,-66,108
82,-67,111
83,-67,112
85,-67,114
87,-66,115
89,-66,116
91,-66,118
93,-66,120
96,-66,122
97,-65,123
99,-65,125
102,-65,127
104,-64,129
108,-65,132
110,-64,134
112,-64,135
114,-63,137
114,-61,136
115,-60,136
115,-58,135
115,-56,134
114,-54,133
114,-52,132
114,-51,131
113,-48,129
113,-47,128
113,-45,127
113,-44,127
114,-42,127
113,-40,126
112,-39,125
112,-37,124
112,-35,123
112,-34,123
111,-32,122
112,-31,122
111,-29,121
111,-28,120
111,-26,120
111,-25,120
111,-24,120
112,-22,120
111,-21,119
111,-19,118
111,-18,118
111,-16,118
111,-15,118
111,-14,117
111,-12,117
111,-11,117
110,-9,116
111,-8,117
110,-7,116
110,-5,116
110,-4,116
110,-3,115
110,-1,115
109,-0,114
109,-0,112
109,-1,112
109,-3,112
109,-4,112
109,-5,112
109,-7,112
109,-8,112
109,-9,112
108,-11,112
109,-12,112
109,-13,112
109,-15,113
109,-16,113
109,-18,113
109,-19,114
108,-20,113
109,-22,114
109,-23,114
109,-24,115
109,-26,115
109,-27,115
109,-29,115
109,-30,116
109,-32,117
110,-33,117
109,-34,117
109,-36,118
109,-37,118
108,-39,118
108,-40,118
108,-42,119
109,-44,120
109,-45,121
109,-47,122
110,-49,123
110,-50,124
110,-52,125
110,-54,125
110,-55,126
110,-57,127
110,-59,127
111,-61,130
111,-63,131
112,-65,132
111,-66,132
111,-68,133
110,-70,134
109,-71,133
106,-71,130
103,-71,128
100,-70,125
97,-70,123
95,-71,122
92,-70,119
90,-70,117
88,-70,115
86,-71,115
85,-71,114
83,-72,112
81,-72,111
78,-71,108
77,-71,107
74,-71,105
72,-71,104
71,-71,103
69,-69,98
70,-68,98
71,-68,98
73,-67,99
74,-67,100
76,-67,101
77,-67,102
79,-66,103
81,-66,105
83,-67,107
85,-67,108
87,-66,110
89,-66,111
91,-65,112
92,-65,113
95,-65,115
98,-65,117
100,-65,119
102,-64,120
104,-64,122
107,-64,125
111,-64,128
113,-64,130
114,-63,130
114,-61,129
114,-59,128
114,-57,127
113,-55,126
114,-54,126
113,-52,124
114,-50,124
113,-48,123
113,-47,122
114,-45,122
113,-44,121
113,-42,120
113,-40,120
112,-39,119
111,-37,117
112,-35,117
112,-34,117
112,-32,117
112,-31,116
111,-29,115
111,-28,115
111,-26,115
112,-25,115
111,-24,114
112,-22,114
111,-21,112
111,-19,112
111,-18,112
111,-16,112
111,-15,112
109,-14,110
110,-12,110
110,-11,110
109,-9,110
109,-8,110
109,-7,109
109,-5,109
109,-4,109
109,-3,109
108,-1,108
108,-0,108
108,-0,105
107,-1,105
108,-3,105
107,-4,105
107,-5,105
108,-7,105
108,-8,105
108,-9,105
108,-11,105
107,-12,105
108,-13,106
108,-15,106
108,-16,106
108,-17,107
109,-19,108
108,-20,107
108,-22,108
109,-23,108
108,-24,108
108,-26,108
108,-27,109
109,-29,110
109,-30,110
109,-32,111
110,-33,112
111,-35,113
109,-36,112
110,-38,113
109,-39,113
110,-41,115
110,-42,115
110,-44,115
110,-45,116
109,-47,116
110,-49,117
109,-50,117
110,-52,119
110,-54,119
110,-55,120
110,-57,121
110,-59,122
110,-60,122
110,-62,124
110,-64,124
110,-66,125
110,-68,126
109,-69,126
109,-71,126
105,-70,123
102,-70,121
99,-70,119
98,-71,118
95,-71,116
92,-70,113
90,-70,112
89,-71,111
87,-71,110
85,-71,108
82,-71,106
80,-71,104
78,-71,103
77,-71,102
75,-71,101
73,-71,99
71,-71,98
0,-0,140
