0,0,175
0,0,174
0,0,174
0,0,174
0,0,174
0,0,174
0,0,174
0,0,174
0,0,174
0,0,174
0,0,172
0,0,172
0,0,172
0,0,172
0,0,172
0,0,172
0,0,172
0,0,172
0,0,172
0,0,172
0,0,172
0,0,172
0,0,171
0,0,172
0,0,173
0,0,172
0,0,171
0,0,172
0,0,172
0,0,172
0,0,175
0,0,175
0,0,175
0,0,175
0,0,175
0,0,175
0,0,174
0,0,174
0,0,175
0,0,175
0,0,172
0,0,172
0,0,172
0,0,172
0,0,173
0,0,173
0,0,172
0,0,172
0,0,173
0,0,173
0,0,173
0,0,173
0,0,173
0,0,173
0,0,173
0,0,173
0,0,173
0,0,173
0,0,173
0,0,173
0,0,173
0,0,173
0,0,172
0,0,172
0,0,172
0,0,172
0,0,172
0,0,172
0,0,172
0,0,172
0,0,172
0,0,172
0,0,173
0,0,172
0,0,173
0,0,173
0,0,173
0,0,173
0,0,173
0,0,174
0,0,173
0,0,173
0,0,172
0,0,173
0,0,173
0,0,173
0,0,173
0,0,173
0,0,173
0,0,173
0,0,173
0,0,173
0,0,173
0,0,174
0,0,174
0,0,173
0,0,173
0,0,174
0,0,173
0,0,173
0,0,173
0,0,174
0,0,173
0,0,173
0,0,173
0,0,174
0,0,174
0,0,173
0,0,173
0,0,174
0,0,173
0,0,173
0,0,172
0,0,173
0,0,173
0,0,173
0,0,172
0,0,173
0,0,173
0,0,173
0,0,172
0,0,173
0,0,173
0,0,173
0,0,173
0,0,173
0,0,173
0,0,173
0,0,173
2,0,173
2,0,173
2,0,173
2,0,173
2,0,172
2,0,173
2,0,173
2,0,173
2,0,173
2,0,173
2,0,173
2,0,173
2,0,173
2,0,173
2,0,172
2,0,173
2,0,173
2,0,173
2,0,173
2,0,173
2,1,172
2,1,173
2,1,173
2,1,173
2,1,172
2,1,173
2,1,173
2,1,172
2,1,173
2,1,173
2,1,173
2,1,173
2,1,174
2,1,173
2,1,172
2,1,174
2,1,173
2,1,173
2,1,173
2,1,173
2,1,173
2,1,173
2,1,173
2,1,173
2,1,172
2,1,172
2,1,173
2,1,173
2,1,173
2,1,173
2,1,172
2,1,173
2,1,173
2,1,173
2,1,172
2,1,173
2,1,173
2,1,172
2,1,173
2,1,173
2,1,173
2,1,173
2,1,173
2,1,173
2,2,173
1,2,172
1,2,173
1,2,173
1,2,174
1,2,173
1,2,173
1,2,172
1,2,173
1,2,173
1,2,173
1,2,173
1,2,173
1,2,173
1,2,172
1,2,173
1,2,172
1,2,173
1,2,173
1,2,174
1,2,173
1,2,173
1,2,173
1,2,173
1,2,172
1,2,173
1,2,173
1,2,173
1,2,173
1,2,172
1,2,173
1,2,172
1,2,173
1,2,173
1,2,173
1,2,173
1,2,173
1,2,173
1,2,173
1,2,173
1,2,172
1,2,173
1,2,172
1,2,173
1,2,172
0,2,173
0,2,173
0,2,172
0,2,172
0,2,173
0,2,172
0,2,173
0,2,173
0,2,172
0,2,173
0,2,173
0,2,173
0,2,173
0,2,173
0,2,173
0,2,173
0,2,173
0,2,173
0,2,173
0,2,173
0,4,173
0,4,172
0,4,173
0,4,173
0,4,173
0,4,173
0,4,173
0,4,173
0,4,173
0,4,174
1,4,173
1,4,173
1,4,173
1,4,173
1,4,173
1,4,173
1,4,173
1,4,173
1,4,173
1,4,173
1,4,174
1,4,173
1,4,173
1,4,172
1,4,173
1,4,173
1,4,173
1,4,173
1,4,173
1,4,173
2,4,173
2,4,173
2,4,174
2,4,173
2,4,173
2,4,173
2,4,173
2,4,173
2,4,173
2,4,172
2,4,173
2,4,173
2,4,173
2,4,173
2,4,174
2,4,173
2,4,173
2,4,173
2,4,173
2,4,173
2,3,172
2,3,173
3,3,172
3,3,173
3,3,173
3,3,173
3,3,173
3,3,173
3,3,173
3,3,172
3,3,173
3,3,172
3,3,173
3,3,173
3,3,174
3,3,173
3,3,173
3,3,173
3,3,173
3,3,173
3,3,173
3,3,173
3,3,173
3,3,173
3,3,173
3,3,173
3,3,173
3,2,172
3,2,173
4,2,173
4,2,172
4,2,173
4,2,173
4,2,173
4,2,172
4,2,173
4,2,173
4,2,173
4,2,173
4,2,173
4,2,173
4,2,173
4,2,173
4,2,173
4,2,173
4,2,173
4,2,173
4,2,173
4,2,173
4,1,173
4,1,173
4,1,173
4,1,172
4,1,173
4,1,173
4,1,173
4,1,173
4,1,173
4,1,173
4,1,172
4,1,173
4,1,173
4,1,173
4,1,173
4,1,173
4,1,173
4,1,172
4,1,173
4,1,173
4,0,173
4,0,173
4,0,173
4,0,173
4,0,173
4,0,173
4,0,173
4,0,173
4,0,173
4,0,172
6,0,173
6,0,173
6,0,173
6,0,173
6,0,173
6,0,173
6,0,172
6,1,173
6,1,173
6,1,173
6,1,173
6,1,173
6,1,173
6,1,173
6,1,173
6,1,173
6,1,173
6,1,173
6,1,172
6,1,172
6,2,173
6,2,173
6,2,173
6,2,173
6,2,173
6,2,172
6,2,174
6,2,173
6,2,173
6,2,173
6,2,173
6,2,173
6,2,173
6,3,173
6,3,173
6,3,173
6,3,173
6,3,173
6,3,173
6,3,173
6,3,173
6,3,173
6,3,172
6,3,173
5,3,173
5,3,173
5,3,173
5,3,172
5,4,173
5,4,173
5,4,174
5,4,173
5,4,173
5,4,172
5,4,172
5,4,173
5,4,172
5,4,173
5,4,173
5,4,172
5,4,173
5,4,173
5,4,173
5,4,173
5,5,173
4,5,173
4,5,173
4,5,173
4,5,174
4,5,173
4,5,172
4,5,173
4,5,173
4,5,173
4,5,173
4,5,172
4,5,172
4,5,173
4,5,173
4,5,173
4,5,173
3,5,173
3,5,172
3,5,173
3,5,173
3,6,173
3,6,173
3,6,174
3,6,173
3,6,173
3,6,173
3,6,173
3,6,174
3,6,173
3,6,173
2,6,172
2,6,173
2,6,173
2,6,172
2,6,173
2,6,174
2,6,173
2,6,173
2,6,173
2,6,173
2,6,172
2,6,173
2,6,173
2,6,173
1,6,173
1,6,173
1,6,173
1,6,173
1,6,173
1,6,173
1,6,174
1,6,172
1,6,173
1,6,173
1,6,173
1,6,173
1,6,173
0,6,173
0,6,173
0,6,173
0,6,173
0,6,173
0,6,173
0,6,173
0,8,173
0,8,173
0,8,173
0,8,173
0,8,172
1,8,173
1,8,173
1,8,172
1,8,173
1,8,173
1,8,173
1,8,173
1,8,172
1,8,174
1,8,173
2,8,173
2,8,173
2,8,173
2,8,172
2,8,173
2,8,174
2,8,173
2,8,173
2,8,173
2,8,173
3,8,173
3,8,173
3,8,174
3,8,173
3,8,173
3,8,173
3,8,173
3,8,173
3,8,173
3,8,173
4,8,174
4,8,173
4,8,173
4,8,173
4,7,172
4,7,173
4,7,173
4,7,174
4,7,173
4,7,173
4,7,172
5,7,173
5,7,173
5,7,172
5,7,173
5,7,173
5,7,173
5,7,173
5,7,172
5,7,172
5,7,173
5,7,173
5,6,173
6,6,173
6,6,173
6,6,173
6,6,173
6,6,173
6,6,173
6,6,173
6,6,173
6,6,173
6,6,173
6,6,173
6,6,173
6,6,173
6,5,173
7,5,173
7,5,173
7,5,173
7,5,172
7,5,173
7,5,174
7,5,173
7,5,173
7,5,173
7,5,173
7,5,173
7,4,173
7,4,173
7,4,174
7,4,173
7,4,173
7,4,173
8,4,173
8,4,173
8,4,173
8,4,173
8,4,173
8,3,172
8,3,173
8,3,174
8,3,173
8,3,173
8,3,173
8,3,172
8,3,173
8,3,173
8,3,173
8,2,173
8,2,172
8,2,173
8,2,173
8,2,173
8,2,173
8,2,173
8,2,174
8,2,173
8,2,173
8,1,173
8,1,173
8,1,173
8,1,173
8,1,173
8,1,173
8,1,173
8,1,172
8,1,173
8,1,172
8,0,173
8,0,172
8,0,173
8,0,173
8,0,173
11,0,173
11,0,173
11,0,173
11,0,173
11,1,173
11,1,173
11,1,173
11,1,172
11,1,173
11,1,173
11,1,173
11,1,173
10,2,173
10,2,173
10,2,173
10,2,173
10,2,173
10,2,173
10,2,173
10,2,174
10,3,173
10,3,173
10,3,172
10,3,173
10,3,173
10,3,173
10,3,172
10,3,173
10,4,173
10,4,173
10,4,173
10,4,173
10,4,173
10,4,173
10,4,173
10,4,172
10,5,173
10,5,173
9,5,173
9,5,173
9,5,173
9,5,174
9,5,173
9,5,172
9,5,174
9,6,173
9,6,173
9,6,173
9,6,173
9,6,174
9,6,173
9,6,173
9,6,174
8,6,173
8,7,173
8,7,173
8,7,173
8,7,174
8,7,174
8,7,172
8,7,173
8,7,173
8,7,173
8,7,173
8,8,173
7,8,173
7,8,173
7,8,173
7,8,173
7,8,173
7,8,173
7,8,173
7,8,173
7,8,173
6,8,172
6,8,174
6,9,173
6,9,173
6,9,173
6,9,173
6,9,173
6,9,173
6,9,173
6,9,173
5,9,173
5,9,173
5,9,173
5,9,173
5,9,172
5,9,173
5,9,173
5,10,173
5,10,173
4,10,173
4,10,173
4,10,173
4,10,173
4,10,174
4,10,173
4,10,173
4,10,173
3,10,173
3,10,173
3,10,174
3,10,173
3,10,173
3,10,174
3,10,173
3,10,173
2,10,174
2,10,173
2,11,176
2,10,174
2,10,174
2,11,175
2,11,175
2,11,174
1,11,174
1,11,174
1,11,174
1,11,174
1,11,174
1,11,175
1,11,175
1,11,174
0,11,174
0,11,174
0,11,174
0,11,174
0,13,174
0,13,175
0,13,175
0,13,174
1,13,174
1,13,174
1,13,175
1,13,174
1,13,175
1,13,174
2,13,175
2,13,174
2,13,174
2,13,174
2,13,175
2,13,175
2,13,174
3,13,175
3,13,175
3,12,174
3,12,174
3,12,174
3,12,175
4,12,174
4,12,174
4,12,174
4,12,173
4,12,174
4,12,174
4,12,173
5,12,173
5,12,174
5,12,173
5,12,174
5,12,174
5,12,174
5,12,173
6,11,173
6,11,174
6,11,174
6,11,173
6,11,174
6,11,174
6,11,174
7,11,174
7,11,174
7,11,174
7,11,173
7,11,173
7,10,173
7,10,173
7,10,173
8,10,173
8,10,173
8,10,173
8,10,173
8,10,174
8,10,173
8,10,173
8,10,173
9,9,173
9,9,173
9,9,173
9,9,173
9,9,172
9,9,173
9,9,173
9,9,173
9,9,174
10,8,173
10,8,173
10,8,173
10,8,173
10,8,174
10,8,173
10,8,173
10,8,174
10,7,173
10,7,174
10,7,173
11,7,173
11,7,174
11,7,173
11,7,174
11,7,173
11,6,174
11,6,173
11,6,173
11,6,174
11,6,174
11,6,174
12,6,174
12,5,174
12,5,174
12,5,174
12,5,174
12,5,174
12,5,174
12,5,174
12,4,174
12,4,174
12,4,174
12,4,174
12,4,174
12,4,174
12,4,174
12,3,174
12,3,174
12,3,174
12,3,174
12,3,174
13,3,174
13,2,174
13,2,174
13,2,174
13,2,174
13,2,174
13,2,174
13,2,174
13,1,174
13,1,174
13,1,174
13,1,174
13,1,174
13,1,175
13,0,173
13,0,174
13,0,174
13,0,174
15,0,174
15,0,173
15,0,174
15,1,173
15,1,173
15,1,173
15,1,173
15,1,173
15,1,173
15,2,173
15,2,173
15,2,173
15,2,173
15,2,173
15,3,173
15,3,174
15,3,173
15,3,173
15,3,173
15,3,173
15,4,174
14,4,172
14,4,172
14,4,172
14,4,173
14,5,173
14,5,172
14,5,172
14,5,172
14,5,172
14,5,173
14,6,172
14,6,173
14,6,172
14,6,172
14,6,173
13,6,172
13,7,172
13,7,173
13,7,173
13,7,173
13,7,172
13,7,172
13,7,172
13,8,173
13,8,172
13,8,173
12,8,172
12,8,173
12,8,172
12,9,172
12,9,172
12,9,173
12,9,173
12,9,172
12,9,172
12,9,173
11,10,172
11,10,172
11,10,172
11,10,172
11,10,172
11,10,172
11,10,172
10,10,172
10,11,173
10,11,172
10,11,172
10,11,173
10,11,174
10,11,173
10,11,172
9,12,173
9,12,172
9,12,173
9,12,173
9,12,173
9,12,174
9,12,173
8,12,173
8,12,172
8,12,172
8,13,172
8,13,172
8,13,173
8,13,173
7,13,173
7,13,173
7,13,172
7,13,173
7,13,173
7,13,173
6,13,172
6,13,172
6,14,173
6,14,172
6,14,172
6,14,172
5,14,172
5,14,173
5,14,172
5,14,173
5,14,172
5,14,173
4,14,173
4,14,172
4,14,172
4,14,173
4,14,173
3,14,172
3,15,173
3,15,172
3,15,172
3,15,172
3,15,172
2,15,173
2,15,172
2,15,172
2,15,172
2,15,172
1,15,172
1,15,173
1,15,173
1,15,172
1,15,172
1,15,173
0,15,173
0,15,172
0,15,172
0,17,173
0,17,172
0,17,172
1,17,173
1,17,173
1,17,173
1,17,174
1,17,173
2,17,173
2,17,173
2,17,173
2,17,173
3,17,173
3,17,172
3,17,174
3,17,172
3,17,173
4,17,173
4,17,173
4,16,172
4,17,173
4,16,173
5,16,173
5,16,173
5,16,173
5,16,172
5,16,173
6,16,173
6,16,173
6,16,174
6,16,172
6,16,173
7,16,173
7,16,173
7,16,174
7,16,173
7,16,174
7,15,173
8,15,173
8,15,173
8,15,173
8,15,173
8,15,173
9,15,173
9,15,173
9,15,173
9,14,173
9,14,173
9,14,173
10,14,173
10,14,173
10,14,172
10,14,172
10,13,172
10,13,173
11,13,172
11,13,173
11,13,173
11,13,173
11,13,173
11,13,173
12,12,173
12,12,173
12,12,173
12,12,173
12,12,173
12,12,173
12,12,172
13,11,173
13,11,172
13,11,172
13,11,173
13,11,172
13,11,172
13,10,172
14,10,173
14,10,172
14,10,172
14,10,173
14,10,173
14,9,173
14,9,172
14,9,172
14,9,172
15,9,172
15,9,172
15,8,172
15,8,172
15,8,172
15,8,172
15,8,173
15,7,173
15,7,172
16,7,173
16,7,172
16,7,172
16,7,173
16,6,172
16,6,173
16,6,172
16,6,173
16,6,173
16,5,172
16,5,172
16,5,173
16,5,172
16,5,173
16,4,172
17,4,173
17,4,173
17,4,172
17,4,173
17,3,173
17,3,172
17,3,172
17,3,173
17,2,172
17,2,173
17,2,172
17,2,173
17,2,172
17,1,172
17,1,173
17,1,173
17,1,172
17,1,172
17,0,173
17,0,172
17,0,172
19,0,173
19,0,172
19,0,173
19,1,173
19,1,173
19,1,173
19,1,172
19,2,173
19,2,173
19,2,173
19,2,172
19,3,173
19,3,172
19,3,174
19,3,172
19,3,172
19,4,171
19,4,171
19,4,172
18,4,171
18,5,171
18,5,172
18,5,171
18,5,172
18,6,172
18,6,172
18,6,171
18,6,171
18,6,172
18,7,172
18,7,172
18,7,172
18,7,172
18,8,173
17,8,172
17,8,171
17,8,171
17,8,171
17,9,172
17,9,172
17,9,171
17,9,172
17,9,172
16,10,172
16,10,171
16,10,172
16,10,171
16,10,172
16,11,171
16,11,172
16,11,172
15,11,172
15,11,171
15,12,172
15,12,172
15,12,172
15,12,172
15,12,172
14,12,172
14,13,172
14,13,173
14,13,172
14,13,172
14,13,172
13,13,172
13,14,173
13,14,174
13,14,173
13,14,172
13,14,174
13,15,173
12,15,173
12,15,173
12,15,173
12,15,174
12,15,173
11,15,173
11,16,173
11,16,173
11,16,173
11,16,173
10,16,173
10,16,172
10,16,173
10,16,173
10,17,173
9,17,173
9,17,174
9,17,172
9,17,173
9,17,173
8,17,172
8,17,173
8,17,173
8,18,173
8,18,172
7,18,173
7,18,174
7,18,173
7,18,173
6,18,173
6,18,173
6,18,173
6,18,173
6,18,173
5,18,173
5,18,173
5,19,174
5,19,173
4,19,173
4,19,173
4,19,173
4,19,173
4,19,174
3,19,173
3,19,173
3,19,173
3,19,173
2,19,174
2,19,173
2,19,174
2,19,174
1,19,174
1,19,174
1,19,173
1,19,173
0,19,174
0,19,174
0,19,174
0,21,174
0,22,175
1,22,175
1,21,174
1,21,174
1,22,175
2,21,175
2,21,175
2,21,175
2,21,175
3,21,175
3,21,175
3,21,174
3,21,174
4,21,174
4,21,174
4,21,174
4,21,174
5,21,174
5,21,173
5,21,174
5,21,173
6,21,173
6,20,173
6,20,173
6,20,173
7,20,173
7,20,173
7,20,174
7,20,173
8,20,173
8,20,173
8,20,174
8,20,174
9,19,173
9,19,172
9,19,173
9,19,173
10,19,173
10,19,173
10,19,174
10,19,173
11,19,174
11,18,173
11,18,173
11,18,173
11,18,173
12,18,173
12,18,173
12,18,173
12,17,173
13,17,174
13,17,174
13,17,173
13,17,174
13,17,173
14,17,174
14,16,174
14,16,173
14,16,173
14,16,173
15,16,174
15,15,173
15,15,173
15,15,173
15,15,173
15,15,173
16,14,173
16,14,174
16,14,173
16,14,173
16,14,173
17,14,174
17,13,174
17,13,173
17,13,173
17,13,174
17,13,174
17,12,173
18,12,173
18,12,174
18,12,174
18,11,173
18,11,173
18,11,173
18,11,173
19,10,173
19,10,173
19,10,173
19,10,174
19,10,173
19,9,174
19,9,173
19,9,173
19,9,173
19,8,172
20,8,173
20,8,173
20,8,173
20,7,173
20,7,173
20,7,173
20,7,173
20,6,172
20,6,173
20,6,173
21,6,173
21,5,174
21,5,173
21,5,173
21,5,172
21,4,173
21,4,173
21,4,173
21,4,173
21,3,174
21,3,173
21,3,173
21,3,173
21,2,172
21,2,173
21,2,172
21,2,173
21,1,173
21,1,173
21,1,173
21,1,173
21,0,172
21,0,172
23,0,172
23,0,172
23,1,172
23,1,172
24,1,173
23,1,172
23,2,173
23,2,172
23,2,172
23,3,173
23,3,172
23,3,173
23,3,172
23,4,173
23,4,173
23,4,172
23,5,173
23,5,173
23,5,172
23,5,173
23,6,173
23,6,172
23,6,172
22,7,172
23,7,173
22,7,172
22,7,172
22,8,172
22,8,172
22,8,173
22,8,172
22,9,173
22,9,172
22,9,173
21,9,172
21,10,172
21,10,173
21,10,172
21,11,173
21,11,171
21,11,172
21,11,174
20,12,173
20,12,172
20,12,174
20,12,173
20,13,173
20,13,173
19,13,172
19,13,173
19,14,173
19,14,173
19,14,173
19,14,172
19,14,173
18,15,173
18,15,172
18,15,172
18,15,173
18,16,173
17,16,172
17,16,172
17,16,173
17,16,173
17,17,173
16,17,172
16,17,173
16,17,173
16,17,173
16,18,173
15,18,173
15,18,172
15,18,173
15,18,172
14,18,172
14,19,173
14,19,173
14,19,172
13,19,172
13,19,173
13,20,173
13,20,174
13,20,172
12,20,172
12,20,172
12,20,172
12,20,172
11,21,172
11,21,172
11,21,172
11,21,173
10,21,173
10,21,173
10,21,173
9,21,172
9,22,172
9,22,173
9,22,172
8,22,172
8,22,173
8,22,173
8,22,173
7,22,172
7,22,173
7,22,172
7,22,172
6,23,173
6,23,173
6,23,173
5,23,173
5,23,173
5,23,172
5,23,172
4,23,172
4,23,172
4,23,173
3,23,173
3,23,172
3,23,173
3,23,173
2,23,173
2,23,173
2,23,173
1,24,173
1,23,172
1,24,173
1,24,173
0,24,173
0,24,173
0,26,172
0,26,174
1,26,173
1,26,172
1,26,173
2,25,172
2,26,173
2,26,173
3,26,173
3,26,173
3,25,173
3,25,173
4,25,173
4,25,172
4,25,173
5,25,173
5,25,173
5,25,173
6,25,174
6,25,173
6,25,173
7,25,174
7,25,173
7,25,173
7,25,173
8,24,173
8,25,174
8,24,174
9,24,173
9,24,173
9,24,173
10,24,173
10,24,174
10,24,174
10,23,173
11,23,173
11,23,174
11,23,173
12,23,173
12,23,173
12,23,173
12,22,173
13,22,174
13,22,173
13,22,173
13,22,173
14,22,173
14,22,173
14,21,173
15,21,173
15,21,173
15,21,174
15,21,173
16,20,173
16,20,172
16,20,172
16,20,171
16,20,172
17,19,172
17,19,171
17,19,173
17,19,171
18,18,171
18,18,171
18,18,171
18,18,173
19,18,173
19,17,173
19,17,172
19,17,173
19,17,173
20,17,173
20,16,172
20,16,173
20,16,173
21,16,174
21,15,172
21,15,171
21,15,172
21,14,171
21,14,171
21,14,172
22,14,172
22,13,172
22,13,171
22,13,172
22,13,172
22,12,172
22,12,171
23,12,172
23,11,172
23,11,172
23,11,172
23,11,172
23,10,172
23,10,171
23,10,171
24,9,172
24,9,171
24,9,173
24,9,172
24,8,171
24,8,171
24,8,172
24,7,172
24,7,171
25,7,172
25,7,172
25,6,173
25,6,173
25,6,173
25,5,172
25,5,172
25,5,173
25,4,172
25,4,172
25,4,173
25,3,173
25,3,173
25,3,172
26,3,173
25,2,172
25,2,172
26,2,173
26,1,172
26,1,173
26,1,172
26,0,172
26,0,173
28,0,173
28,0,173
28,1,174
28,1,174
28,1,173
28,2,173
28,2,173
28,2,174
28,3,173
28,3,173
28,3,174
28,4,173
27,4,173
27,4,173
27,5,172
27,5,173
27,5,173
27,6,173
27,6,172
27,6,172
27,7,172
27,7,173
27,7,174
27,8,173
27,8,173
27,8,173
27,9,174
26,9,173
26,9,173
26,10,172
26,10,173
26,10,173
26,11,174
26,11,173
25,11,173
25,12,173
25,12,174
25,12,173
25,12,173
25,13,173
25,13,173
24,13,174
24,14,173
24,14,173
24,14,173
24,15,174
23,15,173
23,15,173
23,16,174
23,16,173
23,16,174
23,16,173
22,17,173
22,17,174
22,17,173
22,17,174
22,18,174
21,18,173
21,18,173
21,18,173
21,19,174
20,19,173
20,19,173
20,19,173
20,20,174
19,20,173
19,20,173
19,20,173
19,21,174
19,21,174
18,21,173
18,21,173
18,22,174
17,22,173
17,22,173
17,22,173
17,22,173
16,23,173
16,23,173
16,23,173
15,23,173
15,23,173
15,24,175
15,24,174
14,24,174
14,24,175
14,24,175
13,24,174
13,25,174
13,25,174
13,25,175
12,25,175
12,25,174
12,25,174
11,25,173
11,26,173
11,26,173
10,26,173
10,26,173
10,26,174
9,26,173
9,26,173
9,26,173
8,27,173
8,27,173
8,27,174
7,27,173
7,27,173
7,27,173
6,27,173
6,27,174
6,27,173
5,27,173
5,27,174
5,27,173
4,28,174
4,27,173
4,28,174
3,28,174
3,28,174
3,28,174
2,28,173
2,28,174
2,28,173
1,28,174
1,28,174
1,28,173
0,28,174
0,28,174
0,30,173
0,30,173
1,30,173
1,30,172
1,30,173
2,30,173
2,30,172
3,30,173
3,30,173
3,30,172
4,30,173
4,30,173
4,30,173
5,30,173
5,30,173
5,29,172
6,29,172
6,29,173
7,29,173
7,29,173
7,29,173
8,29,172
8,29,173
8,29,173
9,29,173
9,29,173
9,28,172
10,28,173
10,28,173
10,28,173
11,28,173
11,28,173
12,28,173
12,27,172
12,28,173
13,27,173
13,27,172
13,27,173
13,27,172
14,27,172
14,27,173
14,26,172
15,26,173
15,26,173
15,26,173
16,26,173
16,25,173
16,25,173
17,25,173
17,25,173
17,25,173
18,24,172
18,24,173
18,24,172
18,24,172
19,23,173
19,23,173
19,23,172
19,23,171
20,22,172
20,22,171
20,22,172
21,22,172
21,21,171
21,21,171
21,21,172
22,21,171
22,20,172
22,20,172
23,20,173
23,20,173
23,19,173
23,19,172
23,19,172
24,18,172
24,18,172
24,18,172
24,18,173
25,17,173
25,17,173
25,17,173
25,16,173
25,16,172
25,16,172
26,15,172
26,15,172
26,15,173
26,15,173
26,14,172
27,14,172
27,13,172
27,13,172
27,13,172
27,13,173
28,12,173
28,12,173
28,11,172
28,11,172
28,11,172
28,10,172
28,10,173
28,10,172
28,9,172
29,9,173
29,9,173
29,8,173
29,8,173
29,8,172
29,7,173
29,7,172
29,7,173
29,6,172
29,6,172
30,6,173
29,5,172
30,5,172
30,4,172
30,4,173
30,4,172
30,3,172
30,3,172
30,3,173
30,2,173
30,2,172
30,1,172
30,1,173
30,1,172
30,0,172
30,0,173
32,0,173
32,0,173
32,1,173
32,1,172
32,2,173
32,2,173
32,2,173
32,3,172
32,3,172
32,4,174
32,4,173
32,4,175
32,5,174
32,5,174
32,6,174
32,6,174
32,6,174
32,7,175
32,7,174
32,7,174
31,8,174
31,8,173
31,9,173
31,9,173
31,9,173
31,10,172
31,10,173
30,10,173
30,11,173
30,11,173
30,12,173
30,12,172
30,12,173
30,13,173
29,13,173
29,13,172
29,14,172
29,14,173
29,14,173
29,15,173
28,15,173
28,16,173
28,16,172
28,16,173
28,17,173
27,17,173
27,17,173
27,18,173
27,18,173
27,18,173
26,18,172
26,19,173
26,19,173
26,20,173
25,20,173
25,20,173
25,20,173
25,21,173
24,21,173
24,21,173
24,22,173
24,22,173
23,22,173
23,22,172
23,23,173
22,23,172
22,23,173
22,24,173
22,24,173
21,24,173
21,24,173
21,25,173
20,25,173
20,25,172
20,25,173
20,26,173
19,26,173
19,26,173
18,26,172
18,27,173
18,27,173
18,27,173
17,27,173
17,27,172
17,28,173
16,28,173
16,28,173
16,28,173
15,28,173
15,28,172
14,29,172
14,29,173
14,29,172
13,29,173
13,29,173
13,30,173
12,30,174
12,30,173
12,30,173
11,30,173
11,30,173
10,30,173
10,31,173
10,31,173
9,31,172
9,31,173
9,31,172
8,31,172
8,31,173
7,31,172
7,31,173
7,32,173
6,31,172
6,32,173
6,32,173
5,32,173
5,32,174
4,32,173
4,32,173
4,32,173
3,32,173
3,32,173
2,32,173
2,32,173
2,32,173
1,32,173
1,32,174
0,32,173
0,32,173
0,34,173
0,34,173
1,34,173
1,35,174
2,34,173
2,34,173
3,34,174
3,34,173
3,34,174
4,34,173
4,34,173
5,34,174
5,34,173
5,34,174
6,34,173
6,34,173
7,34,173
7,34,174
8,34,173
8,34,174
8,33,173
9,33,173
9,33,173
10,33,173
10,33,173
10,33,173
11,33,173
11,32,173
12,33,174
12,32,173
12,32,174
13,32,173
13,32,173
14,32,173
14,31,173
14,31,173
15,31,174
15,31,173
16,31,174
16,30,173
16,30,173
17,30,173
17,30,173
17,30,174
18,29,173
18,29,173
18,29,173
19,29,173
19,29,174
20,28,174
20,28,173
20,28,173
20,28,173
21,27,173
21,27,173
21,27,173
22,27,173
22,26,173
22,26,173
23,26,173
23,25,173
23,25,173
24,25,173
24,25,173
24,24,173
25,24,173
25,24,173
25,23,173
25,23,173
26,23,174
26,22,173
26,22,173
27,22,173
27,21,173
27,21,172
27,21,174
28,21,174
28,20,173
28,20,173
28,20,174
29,19,173
29,19,173
29,18,173
29,18,173
29,18,173
30,17,174
30,17,172
30,17,173
30,16,173
30,16,173
31,16,174
31,15,173
31,15,172
31,14,174
31,14,173
32,14,173
32,13,173
32,13,173
32,12,173
32,12,174
32,12,173
32,11,173
32,11,172
33,10,173
33,10,173
33,10,173
33,9,173
33,9,173
33,8,174
33,8,173
34,8,173
34,7,174
34,7,174
34,6,173
34,6,173
34,5,174
34,5,173
34,5,173
34,4,173
34,4,173
34,3,173
34,3,173
34,3,173
34,2,173
34,2,173
34,1,173
34,1,173
34,0,173
34,0,173
37,0,173
37,0,173
36,1,172
36,1,172
36,2,172
37,2,173
37,3,173
36,3,172
36,4,173
36,4,172
36,4,172
36,5,172
36,5,173
36,6,173
36,6,173
36,7,172
36,7,172
36,8,172
36,8,172
36,8,173
35,9,172
35,9,173
35,10,173
35,10,172
35,11,172
35,11,173
35,11,172
35,12,173
34,12,172
34,13,173
34,13,172
34,14,172
34,14,173
34,14,173
34,15,173
33,15,172
33,15,171
33,16,171
32,16,171
32,17,171
32,17,172
32,18,172
32,18,171
31,18,172
31,19,171
31,19,172
31,19,171
31,20,172
30,20,172
30,21,171
30,21,172
29,21,171
29,22,171
29,22,171
29,22,171
28,23,172
28,23,172
28,23,172
27,24,171
27,24,171
27,24,172
27,25,171
26,25,172
26,25,171
26,26,172
25,26,172
25,26,172
25,27,171
24,27,172
24,27,171
24,28,172
23,28,171
23,28,171
23,28,171
22,29,171
22,29,171
22,29,171
21,30,172
21,30,172
21,30,173
20,30,173
20,31,172
20,31,173
19,31,172
19,31,173
18,31,172
18,32,172
18,32,173
17,32,173
17,33,173
16,33,172
16,33,173
16,33,172
15,33,172
15,34,173
14,34,172
14,34,173
14,34,173
13,34,172
13,34,173
12,35,173
12,34,172
11,35,173
11,35,173
11,35,172
10,35,173
10,35,172
9,35,173
9,36,173
8,36,173
8,36,173
8,36,172
7,36,173
7,36,173
6,36,173
6,36,173
5,36,173
5,36,173
4,36,172
4,36,173
4,36,173
3,37,173
3,37,174
2,37,173
2,37,173
1,37,173
1,37,173
0,37,173
0,36,172
0,39,173
0,39,173
1,39,173
1,39,173
2,39,172
2,39,173
3,39,173
3,39,173
4,39,173
4,39,173
5,38,173
5,38,173
6,38,173
6,38,173
7,38,173
7,38,173
8,38,173
8,38,173
8,38,173
9,38,173
9,38,173
10,38,173
10,37,173
11,37,173
11,37,172
12,37,173
12,37,172
13,37,173
13,37,173
14,36,173
14,36,173
14,36,173
15,36,173
15,36,173
16,35,173
16,35,173
17,35,173
17,35,173
17,35,173
18,34,173
18,34,173
19,34,173
19,34,173
19,33,172
20,33,173
20,33,172
21,33,172
21,33,173
22,32,173
22,32,173
22,32,172
23,31,173
23,31,173
23,31,173
24,31,173
24,30,173
25,30,173
25,30,172
25,29,173
26,29,173
26,29,173
26,28,173
27,28,173
27,28,174
27,27,173
28,27,172
28,27,173
28,26,173
29,26,172
29,26,173
29,25,173
30,25,172
30,24,172
30,24,173
30,24,172
31,23,173
31,23,173
31,23,173
32,22,173
32,22,173
32,21,172
33,21,173
33,21,173
33,20,173
33,20,172
33,19,172
34,19,173
34,19,173
34,18,173
34,18,172
35,17,173
35,17,173
35,16,172
35,16,173
35,16,173
36,15,173
36,15,173
36,14,173
36,14,173
36,13,172
37,13,173
37,13,173
37,12,172
37,12,173
37,11,173
37,11,173
37,10,173
38,10,173
37,9,172
38,9,173
38,8,172
38,8,173
38,8,173
38,7,173
38,7,173
38,6,173
38,6,173
38,5,172
38,5,173
39,4,173
39,4,173
38,3,172
39,3,173
39,2,173
39,2,173
39,1,173
39,1,173
39,0,172
39,0,174
41,0,173
41,0,171
41,1,172
41,2,172
41,2,171
41,3,172
41,3,172
41,4,173
41,4,172
41,5,172
41,5,172
41,6,172
40,6,172
40,6,172
40,7,172
40,8,173
40,8,172
40,8,172
40,9,172
40,9,172
40,10,173
40,10,172
39,11,172
39,11,172
39,12,172
39,12,172
39,13,172
39,13,172
39,14,172
39,14,173
38,15,172
38,15,172
38,16,172
38,16,172
37,17,172
37,17,172
37,17,172
37,18,173
37,18,172
36,19,172
36,19,174
36,20,172
36,20,172
35,21,172
35,21,172
35,22,173
35,22,172
34,22,172
34,23,172
34,23,172
33,24,172
33,24,173
33,25,173
33,25,172
32,25,172
32,26,172
32,26,172
31,26,172
31,27,172
31,27,172
30,28,173
30,28,172
30,28,172
29,29,172
29,29,172
29,29,172
28,30,172
28,30,172
28,30,173
27,31,173
27,31,173
26,31,172
26,32,173
26,32,172
25,32,172
25,33,172
24,33,172
24,33,172
24,33,172
23,34,172
23,34,172
22,34,172
22,35,172
21,35,172
21,35,172
21,35,172
20,35,171
20,36,172
19,36,172
19,36,172
18,37,172
18,37,172
17,37,172
17,37,172
17,37,172
16,38,172
16,38,172
15,38,172
15,38,172
14,38,172
14,38,171
13,39,172
13,39,172
12,39,172
12,39,173
11,39,172
11,39,172
10,40,172
10,40,172
9,40,172
9,40,173
8,40,172
8,40,172
7,40,172
7,41,173
7,41,173
6,41,173
6,41,172
5,41,172
5,41,173
4,41,173
4,41,172
3,41,172
3,41,172
2,41,172
2,41,172
1,41,172
1,41,172
0,41,172
0,43,173
1,43,173
1,43,173
2,43,173
2,43,173
3,43,173
3,43,173
4,43,172
4,43,172
5,43,173
5,43,173
6,43,172
6,43,172
7,42,172
7,42,172
8,42,172
8,42,172
9,42,173
9,42,173
10,42,173
10,42,172
11,42,172
12,42,173
12,42,173
13,41,173
13,41,172
14,41,173
14,41,173
15,41,173
15,40,172
16,40,173
16,40,172
17,40,173
17,40,173
18,40,173
18,39,173
18,39,172
19,39,172
19,38,172
20,39,174
21,38,174
21,38,173
21,38,173
22,38,174
22,37,174
23,37,173
23,37,174
24,36,174
24,36,174
24,36,173
25,35,173
25,35,174
26,35,173
26,34,173
27,34,173
27,34,174
28,34,174
28,33,173
28,33,173
29,33,174
29,32,175
30,32,174
30,32,174
30,31,174
31,31,173
31,30,174
31,30,173
32,30,174
32,29,173
33,29,174
33,28,173
33,28,174
34,28,174
34,27,174
34,27,173
35,26,174
35,26,173
35,25,173
35,25,173
36,24,173
36,24,173
36,24,174
37,23,173
37,23,172
37,22,172
37,22,173
38,21,173
38,21,173
38,20,173
39,20,174
39,19,173
39,19,174
39,19,174
40,18,174
40,18,173
40,17,173
40,17,173
40,16,174
40,16,173
41,15,173
41,15,173
41,14,174
41,14,173
41,13,173
41,13,173
42,12,174
42,12,173
42,11,174
42,11,174
42,10,173
42,10,174
43,9,174
43,8,174
43,8,174
43,7,173
43,7,173
43,6,173
43,6,172
43,5,173
43,5,174
43,4,174
43,4,173
43,3,173
43,3,174
43,2,174
43,2,174
43,1,173
43,1,174
43,0,173
46,0,173
46,1,173
46,1,173
46,2,173
45,2,172
46,3,173
45,3,173
45,4,173
45,4,173
45,5,173
45,6,173
45,6,173
45,7,173
45,7,173
45,8,173
45,8,173
45,9,173
45,9,173
45,10,173
44,11,173
44,11,173
44,12,173
44,12,173
44,13,173
44,13,173
43,14,172
43,14,172
43,15,172
43,15,172
43,16,172
42,16,171
42,17,171
42,17,172
42,18,172
41,18,172
41,19,172
41,19,172
41,20,172
41,20,172
40,21,171
40,21,172
40,22,172
39,22,172
39,23,172
39,23,171
39,24,172
38,24,172
38,25,172
38,25,172
37,26,172
37,26,172
37,27,172
36,27,172
36,27,172
36,28,171
35,28,172
35,29,173
35,29,173
35,30,173
34,30,173
34,31,173
33,31,173
33,31,173
33,32,173
32,32,173
32,33,173
31,33,173
31,33,173
31,34,173
30,34,172
30,35,173
29,35,173
29,35,173
29,36,173
28,36,173
28,37,174
27,37,174
27,37,173
26,37,173
26,38,174
25,38,173
25,38,173
24,39,173
24,39,173
24,39,174
23,40,174
23,40,174
22,40,173
22,40,173
21,41,174
21,41,173
20,41,173
20,41,173
19,41,173
18,42,173
18,42,173
17,42,172
17,43,174
17,43,174
16,43,173
15,43,173
15,43,173
14,43,172
14,43,173
13,43,172
13,44,173
12,44,173
12,44,173
11,44,173
11,44,173
10,45,173
10,45,174
9,45,173
8,45,173
8,45,172
7,45,173
7,45,173
6,45,173
6,45,173
5,45,172
4,45,173
4,45,173
3,45,173
3,46,173
2,46,173
2,46,173
1,46,173
1,46,173
0,46,173
0,48,173
1,48,173
1,48,173
2,48,173
2,48,173
3,48,173
4,48,173
4,48,173
5,48,173
5,47,173
6,48,173
6,48,173
7,47,173
8,47,173
8,47,173
9,47,173
9,47,173
10,47,173
11,47,173
11,46,173
12,47,173
12,46,173
13,46,173
13,46,173
14,46,173
14,46,173
15,45,173
16,45,173
16,45,173
17,45,173
17,45,173
18,44,173
18,44,173
19,44,173
19,44,173
20,44,173
20,43,173
21,43,173
21,43,173
22,43,173
23,42,173
23,42,173
24,42,173
24,41,173
25,41,173
25,41,173
26,40,173
26,40,173
27,40,173
27,39,173
27,39,173
28,39,173
29,39,173
29,38,173
30,38,173
30,37,173
30,37,173
31,37,173
31,36,173
32,36,173
32,35,173
32,35,173
33,35,173
34,34,173
34,34,173
34,33,173
35,33,173
35,32,173
35,32,173
36,32,173
36,31,173
37,31,173
37,30,173
37,30,173
38,30,173
38,29,173
38,28,173
39,28,173
39,27,173
39,27,173
40,27,173
40,26,173
40,26,173
41,25,173
41,25,173
41,24,173
42,24,173
42,23,173
42,23,173
42,22,173
43,21,173
43,21,173
43,21,173
44,20,173
44,19,173
44,19,173
44,18,173
44,18,173
45,17,173
45,17,173
45,16,173
45,16,173
45,15,173
46,14,173
46,14,173
46,13,173
46,13,173
46,12,173
46,12,173
46,11,173
47,10,173
47,10,173
47,9,173
47,9,173
47,8,173
47,8,173
47,7,173
48,6,173
48,6,173
47,5,173
48,5,173
48,4,173
48,4,173
47,3,172
48,2,173
48,2,173
48,1,173
48,1,173
48,0,173
50,0,173
50,1,173
50,1,173
50,2,172
50,2,173
50,3,172
50,4,172
50,4,173
50,5,172
50,6,173
49,6,172
50,7,173
50,7,173
49,8,173
49,9,173
49,9,172
49,10,173
49,10,173
49,11,173
49,12,173
49,12,173
48,13,172
48,13,172
48,14,173
48,15,173
48,15,172
48,16,173
47,16,173
47,17,172
47,17,172
47,18,173
47,19,173
46,19,173
46,20,173
46,20,173
46,21,173
45,21,172
45,22,173
45,23,173
45,23,173
44,24,173
44,24,172
44,25,173
43,25,173
43,26,172
43,26,173
42,27,172
42,27,173
42,28,173
41,28,173
41,29,173
41,29,173
40,30,173
40,30,173
40,31,173
39,31,173
39,32,173
38,32,173
38,33,172
38,33,173
37,34,173
37,34,173
36,34,172
36,35,173
35,35,173
35,36,173
35,36,173
34,37,173
34,37,173
33,38,173
33,38,173
32,38,173
32,39,173
31,39,173
31,40,173
31,40,174
30,40,174
29,41,173
29,41,173
28,41,173
28,42,173
27,42,174
27,43,174
27,43,175
26,43,174
25,43,173
25,44,173
24,44,173
24,44,174
23,45,173
23,45,174
22,45,173
22,46,174
21,46,173
21,46,175
20,46,173
19,46,173
19,47,174
18,47,173
17,47,173
17,47,173
16,47,173
16,48,173
15,48,172
15,48,173
14,48,173
13,48,172
13,48,173
12,48,172
12,49,173
11,49,173
10,49,173
10,49,173
9,49,173
9,49,173
8,49,173
7,49,172
7,50,173
6,49,172
6,50,173
5,50,173
4,50,172
4,50,174
3,50,173
2,50,172
2,50,173
1,50,173
1,50,173
0,50,173
0,52,172
1,53,174
1,53,173
2,53,173
3,52,173
3,52,173
4,52,172
4,52,172
5,52,172
6,52,173
6,52,173
7,52,173
8,52,172
8,52,172
9,52,173
10,51,172
10,52,173
11,52,174
11,51,172
12,51,172
13,51,173
13,51,172
14,51,173
15,50,172
15,50,172
16,50,173
16,50,172
17,50,173
18,49,173
18,49,173
19,49,173
20,49,173
20,49,173
21,48,173
21,48,173
22,48,172
22,47,173
23,47,173
24,47,173
24,46,172
25,46,173
25,46,173
26,46,173
26,45,172
27,45,173
28,45,173
28,44,173
29,44,174
29,44,173
30,43,173
30,43,174
31,43,173
31,42,174
32,42,174
32,41,172
33,41,173
33,40,172
34,40,173
34,40,173
35,39,173
35,39,172
36,38,173
36,38,173
36,37,172
37,37,173
37,36,172
38,36,173
38,36,173
39,35,172
39,35,173
40,34,172
40,34,172
40,33,172
41,33,172
41,32,172
42,32,173
42,31,172
43,31,173
43,30,172
43,30,172
43,29,172
44,28,172
44,28,172
44,27,171
45,27,172
45,26,172
46,26,173
46,25,172
46,25,172
46,24,172
47,23,172
47,23,173
47,22,172
48,22,172
48,21,172
48,21,172
48,20,172
49,19,172
49,19,172
49,18,172
49,18,172
49,17,172
50,16,172
50,16,172
50,15,172
50,15,172
50,14,172
51,13,172
51,13,172
51,12,173
51,12,173
51,11,172
51,10,172
51,10,171
52,9,173
52,8,172
52,8,172
52,7,172
52,6,172
52,6,172
52,5,172
52,4,172
52,4,172
52,3,171
52,3,173
52,2,172
53,1,173
53,1,173
52,0,172
55,0,173
55,1,173
55,1,173
55,2,174
55,3,173
55,3,174
54,4,172
55,5,174
55,5,174
54,6,173
54,7,173
54,7,173
54,8,173
54,9,173
54,9,173
54,10,173
54,11,173
53,11,172
53,12,172
53,13,173
53,13,173
53,14,174
53,15,173
53,15,173
52,16,173
52,17,173
52,17,173
52,18,173
51,18,173
51,19,173
51,20,173
51,20,174
51,21,173
50,22,173
50,22,172
50,23,174
49,23,173
49,24,172
49,25,173
48,25,172
48,26,173
48,27,174
48,27,173
47,28,173
47,28,173
47,29,173
46,29,173
46,30,173
45,30,173
45,31,173
45,31,173
44,32,173
44,33,174
44,33,173
43,34,173
43,34,173
42,35,174
42,35,174
41,36,173
41,36,173
41,37,173
40,37,173
40,38,174
39,38,172
39,39,173
38,39,174
38,40,174
37,40,173
37,41,174
36,41,174
36,41,173
35,42,173
35,42,174
34,43,174
34,43,174
33,44,174
33,44,173
32,45,174
32,45,174
31,45,173
30,45,173
30,46,174
29,46,173
29,47,173
28,47,174
28,47,173
27,48,174
27,48,174
26,48,174
25,49,173
24,49,172
24,49,173
23,49,173
23,50,173
22,50,173
21,50,172
21,51,173
20,51,173
20,51,172
19,51,173
18,51,173
18,52,174
17,52,173
17,52,174
16,53,174
15,53,173
15,53,174
14,53,174
13,53,173
13,53,173
12,53,173
11,54,174
11,54,173
10,54,173
9,54,173
9,54,174
8,54,174
7,55,174
7,54,173
6,55,174
5,54,173
5,55,174
4,55,174
3,55,174
3,55,173
2,55,173
1,55,173
1,55,173
0,55,174
0,57,173
1,57,173
1,57,173
2,56,171
3,57,173
3,57,172
4,57,172
5,57,172
6,57,172
6,56,172
7,56,172
8,56,172
8,56,172
9,56,172
10,57,174
11,56,174
11,56,174
12,56,173
13,56,173
13,56,173
14,55,173
15,55,173
15,55,173
16,55,173
17,55,173
17,55,174
18,55,174
19,54,173
19,54,173
20,54,173
21,53,173
21,53,173
22,53,173
22,52,173
23,52,173
24,52,174
25,52,174
25,52,174
26,51,173
26,51,174
27,50,173
28,50,173
28,50,173
29,50,175
30,49,174
30,49,174
31,48,173
31,48,173
32,47,172
32,47,173
33,47,173
33,46,173
34,46,173
35,45,173
35,45,173
36,45,173
36,44,173
37,44,173
37,43,173
38,43,174
38,42,173
39,42,172
40,42,174
40,41,173
40,40,173
41,40,174
41,39,173
42,39,172
42,38,173
43,38,173
43,37,173
44,37,174
44,36,173
45,36,173
45,35,173
45,35,173
46,34,173
46,33,173
47,33,173
47,32,173
47,32,173
48,31,173
48,30,172
48,30,172
49,29,173
49,29,172
50,28,173
50,28,173
50,27,173
51,26,173
51,26,173
51,25,173
51,24,172
52,24,173
52,23,173
52,22,172
52,22,172
52,21,171
53,20,172
53,20,172
53,19,172
54,18,172
54,18,172
54,17,171
54,16,171
55,16,172
55,15,172
55,14,172
55,14,171
55,13,172
56,13,173
56,12,172
55,11,171
56,10,172
56,10,172
56,9,173
56,8,172
56,8,172
56,7,172
56,6,172
57,6,172
57,5,172
56,4,171
57,3,172
57,3,172
57,2,172
57,1,172
57,1,172
57,0,173
59,0,172
59,1,171
59,1,171
59,2,172
59,3,172
59,4,171
59,4,171
59,5,171
59,6,171
59,6,171
58,7,171
59,8,172
59,9,172
58,9,172
58,10,172
58,11,172
58,12,172
58,12,172
57,13,171
58,14,172
57,14,171
57,15,172
57,16,172
57,16,172
56,17,170
56,18,172
56,19,172
56,19,171
55,20,171
55,21,172
55,21,172
55,22,171
54,23,171
55,23,173
54,24,172
54,25,172
54,25,172
53,26,171
53,26,171
53,27,173
52,28,172
52,29,172
52,29,172
51,30,172
51,30,172
50,31,172
50,32,172
50,32,172
49,33,171
49,33,171
48,34,172
48,35,172
48,35,172
47,36,172
46,36,171
46,37,172
46,37,171
45,38,172
45,39,172
45,39,173
44,40,173
43,40,172
43,41,172
42,41,172
42,42,172
42,43,173
41,43,173
41,44,173
40,44,173
39,44,172
39,45,172
38,45,172
38,46,172
37,46,172
36,46,171
36,47,172
35,48,172
35,48,173
34,48,171
33,49,172
33,49,172
32,50,173
32,50,172
31,51,173
31,51,173
30,51,173
29,52,173
28,52,171
28,52,172
27,52,171
27,53,173
26,53,173
25,54,172
25,54,173
24,54,173
23,54,172
23,55,172
22,55,173
21,55,172
21,55,172
20,55,171
19,56,172
19,56,172
18,56,172
17,57,172
16,57,172
16,57,173
15,57,172
14,57,172
14,58,173
13,58,172
12,58,173
12,58,173
11,58,172
10,59,173
9,58,172
9,59,173
8,59,172
7,59,172
7,59,172
6,59,171
5,59,172
4,59,172
4,59,172
3,59,172
2,59,172
1,59,172
1,59,172
0,59,172
0,62,172
1,62,172
2,62,172
2,62,172
3,62,172
4,62,172
5,61,172
5,61,171
6,61,171
7,61,170
8,61,172
8,61,173
9,61,172
10,61,172
10,60,171
11,61,172
12,61,173
13,60,172
14,60,172
14,60,172
15,60,172
16,59,171
17,60,173
17,60,173
18,59,173
19,59,173
19,59,173
20,59,173
21,58,173
22,58,173
22,58,174
23,58,173
24,58,174
24,57,173
25,56,172
26,56,172
26,56,172
27,55,171
28,55,172
28,55,172
29,54,172
30,54,172
30,54,172
31,53,172
32,53,172
32,52,171
33,52,172
34,52,172
34,51,172
35,51,172
35,50,172
36,50,172
37,50,172
37,49,172
38,49,172
39,48,172
39,48,172
40,47,172
40,47,172
41,46,172
41,45,171
42,45,172
43,45,172
43,44,172
44,44,172
45,44,174
45,43,173
45,42,173
46,42,173
46,41,173
47,40,173
47,40,173
48,39,173
48,39,173
49,38,172
49,37,172
50,37,173
51,37,174
50,35,172
51,35,173
52,34,173
52,34,173
52,33,172
53,33,173
53,32,172
54,31,173
54,30,172
54,30,173
55,29,173
55,29,173
55,28,173
56,27,173
56,27,173
57,26,174
57,25,173
57,24,173
57,24,173
58,23,173
58,22,172
58,22,173
58,21,172
59,20,173
59,19,173
59,19,172
59,18,173
60,17,173
59,16,171
59,16,171
59,15,171
60,14,171
60,14,172
60,13,172
60,12,172
61,11,172
61,11,172
61,10,172
61,9,173
61,8,173
62,8,173
62,7,173
62,6,173
62,5,173
62,5,173
62,4,173
62,3,173
62,2,173
62,2,172
62,1,173
62,0,173
64,0,172
64,1,173
64,2,173
64,2,173
64,3,173
64,4,172
64,5,173
64,6,173
64,6,173
64,7,173
64,8,172
64,9,172
63,9,172
64,10,173
64,11,173
63,12,172
63,13,173
63,13,173
63,14,173
62,15,172
62,16,172
62,16,172
62,17,172
62,18,172
61,19,172
61,19,172
61,20,173
61,21,172
60,22,172
60,22,172
60,23,172
59,24,172
59,25,172
59,25,172
59,26,172
58,27,172
58,27,172
58,28,172
57,29,172
57,29,172
57,30,172
56,31,172
56,32,172
55,32,172
55,33,172
55,34,172
54,34,172
54,35,172
53,36,172
53,36,172
52,37,172
52,38,172
51,38,172
51,39,172
51,39,172
50,40,173
50,41,172
49,41,172
48,42,172
48,42,172
48,43,172
47,43,172
46,44,172
46,45,172
45,45,172
45,46,172
44,46,172
44,47,172
43,48,172
42,48,172
42,48,172
41,49,172
40,49,172
40,50,172
39,51,172
39,51,172
38,51,172
38,52,172
37,52,172
36,53,172
36,53,172
35,53,172
34,54,172
34,55,172
33,55,172
32,55,172
32,56,172
31,56,172
30,57,172
30,57,172
29,57,172
28,57,172
27,58,172
27,59,173
26,59,173
25,59,172
25,59,172
24,60,172
23,60,173
22,60,172
22,61,173
21,61,172
20,61,172
19,61,172
19,62,173
18,62,172
17,62,172
16,62,173
16,63,173
15,62,172
14,63,172
13,63,172
13,63,172
12,63,172
11,63,172
10,63,172
9,63,172
9,64,172
8,64,172
7,64,172
6,64,172
6,64,172
5,64,172
4,64,172
3,64,172
2,64,173
2,64,172
1,64,173
0,64,172
0,67,173
1,66,172
2,67,174
2,67,173
3,67,173
4,66,173
5,66,173
6,66,172
7,66,173
7,66,173
8,66,173
9,66,172
10,66,173
11,66,173
11,66,173
12,65,173
13,65,172
14,65,174
15,65,173
15,65,173
16,65,173
17,65,174
18,64,173
19,64,173
19,64,173
20,63,173
21,64,174
22,63,174
22,63,173
23,63,174
24,62,174
25,62,174
25,62,173
26,61,173
27,61,174
28,61,174
28,60,173
29,60,174
30,60,174
31,59,174
32,59,174
32,59,174
33,58,173
34,58,173
34,57,173
35,57,173
36,57,174
36,56,173
37,55,173
38,55,173
38,54,173
39,54,174
40,54,174
40,53,173
41,53,174
42,52,173
42,52,174
43,51,174
43,50,173
44,50,173
45,49,173
45,49,173
46,48,173
46,48,173
47,47,173
48,47,174
48,46,174
49,45,173
49,45,173
50,44,173
50,43,173
51,43,173
51,42,173
52,42,173
52,41,173
53,40,173
53,40,173
54,39,174
54,38,173
55,38,173
55,37,173
56,37,174
57,36,174
57,35,173
57,34,174
58,34,173
58,33,173
58,32,173
59,31,173
59,31,173
59,30,173
60,29,173
60,28,173
61,28,173
61,27,174
61,26,173
62,26,174
62,25,174
62,24,173
62,23,173
63,22,173
63,22,173
63,21,173
63,20,173
64,19,173
64,19,173
64,18,173
64,17,173
65,16,173
65,15,173
65,15,173
65,14,173
65,13,173
65,12,173
66,11,173
66,11,173
66,10,173
66,9,174
66,8,173
66,7,173
67,7,174
66,6,173
66,5,173
66,4,173
67,3,173
67,2,173
67,2,173
67,1,173
67,0,173
69,0,173
69,1,174
69,2,173
69,3,174
69,3,173
69,4,173
69,5,173
69,6,173
69,7,173
69,8,174
69,8,173
68,9,172
69,10,174
68,11,173
68,12,173
68,13,174
68,13,173
68,14,173
68,15,174
67,16,172
67,17,172
67,18,173
67,18,173
66,19,172
66,20,172
65,21,172
66,22,173
65,22,171
65,23,173
65,24,173
64,25,173
64,26,172
63,26,172
63,27,172
63,28,172
63,29,173
62,29,172
62,30,172
62,31,173
61,32,172
61,32,172
60,33,172
60,34,173
59,35,172
59,35,172
59,36,173
58,37,173
58,37,172
57,38,173
57,39,172
56,40,172
56,40,173
55,41,172
55,42,173
54,42,172
54,43,173
53,44,173
53,44,172
52,45,172
51,46,172
51,46,172
50,47,172
50,47,172
49,48,173
49,49,173
48,49,172
47,50,172
47,51,173
46,51,172
46,52,173
45,52,172
44,53,172
44,53,173
43,54,172
42,54,172
42,55,173
41,55,172
40,56,172
40,56,172
39,57,173
38,57,173
37,58,172
37,58,173
36,59,173
36,59,173
35,59,172
34,60,173
33,60,172
33,61,173
32,61,173
31,62,173
30,62,172
29,62,172
29,62,172
28,63,172
27,63,172
26,64,173
26,64,173
25,64,173
24,65,173
23,65,173
22,65,172
22,66,173
21,66,173
20,66,173
19,66,172
18,66,172
18,66,172
17,67,172
16,67,172
15,67,173
14,67,172
13,67,172
13,68,173
12,68,172
11,68,172
10,68,172
9,68,171
8,68,172
8,68,172
7,68,172
6,68,171
5,69,172
4,68,171
3,69,172
3,69,173
2,69,172
1,69,172
0,69,172
0,72,175
1,72,175
2,73,176
3,72,175
4,73,176
4,72,175
5,73,176
6,72,176
7,72,176
8,72,175
9,72,175
10,71,174
11,71,173
11,71,173
12,71,173
13,70,173
14,70,173
15,70,172
16,69,172
17,70,173
17,69,172
18,69,172
19,69,172
20,68,172
21,68,172
21,68,172
22,67,171
23,67,171
24,67,172
25,66,171
26,67,173
26,66,172
27,65,171
28,65,172
29,65,173
29,64,171
30,64,172
31,64,171
32,64,172
33,63,172
34,63,172
34,62,172
35,62,172
36,61,172
37,61,172
37,60,171
38,60,172
39,60,172
40,60,173
40,59,172
41,58,172
42,58,172
42,57,172
43,57,172
44,56,172
44,56,172
45,55,172
46,54,172
46,54,172
47,53,172
48,53,173
48,52,172
49,52,173
50,51,173
50,50,172
51,50,174
52,49,173
52,49,173
53,48,173
54,48,174
54,47,174
55,46,173
56,46,174
56,45,173
57,44,174
57,43,173
58,43,174
58,42,173
59,41,174
59,41,174
60,40,174
61,39,175
61,38,174
61,38,174
61,37,173
61,36,172
62,35,173
63,35,173
63,34,173
64,33,173
64,32,173
64,31,173
65,31,173
65,30,173
65,29,173
66,28,173
66,27,173
66,27,173
67,26,173
67,25,172
67,24,173
68,23,173
68,22,173
68,22,173
68,21,173
68,20,172
69,19,173
69,18,172
69,17,173
70,17,173
70,16,174
70,15,173
71,14,174
70,13,173
71,12,173
71,11,173
71,11,173
71,10,174
71,9,173
71,8,173
71,7,173
71,6,173
71,5,173
71,4,172
72,4,174
72,3,173
71,2,172
71,1,172
71,0,172
74,0,172
73,1,171
74,2,172
73,3,171
74,4,172
74,5,172
73,5,172
73,6,171
73,7,172
73,8,172
74,9,174
73,10,172
73,11,172
73,12,172
73,13,173
73,14,173
72,14,172
72,15,172
72,16,172
72,17,173
72,18,173
72,19,173
71,20,172
71,21,172
71,22,173
71,22,173
70,23,172
70,24,172
69,25,172
69,26,172
69,27,172
68,27,171
68,28,172
68,29,172
67,30,172
67,31,171
67,32,172
66,32,172
66,33,172
65,34,172
65,35,172
65,36,172
64,36,172
64,37,172
63,38,172
63,39,172
62,39,172
62,40,172
61,41,172
61,42,172
60,42,172
60,43,173
60,44,174
59,45,174
59,46,174
58,46,173
57,47,173
57,48,174
56,48,173
55,49,173
55,50,173
54,50,173
53,51,172
53,52,173
52,52,173
52,53,173
51,54,173
50,54,173
50,55,173
49,55,172
48,56,173
48,57,173
47,57,173
46,58,172
45,58,172
45,59,173
44,59,173
43,60,173
43,61,173
42,61,173
41,62,173
40,62,173
40,63,173
39,63,172
38,64,173
37,64,173
37,64,173
36,65,173
35,65,172
34,65,172
33,66,172
32,66,171
31,66,171
30,66,170
30,67,170
29,67,171
28,68,172
27,68,171
26,68,171
26,69,171
25,69,171
24,69,171
23,70,172
22,70,172
22,71,173
21,71,173
20,71,173
19,72,173
18,72,173
17,73,175
16,73,176
16,73,175
15,73,175
14,74,175
13,73,174
12,73,173
11,73,173
10,73,173
9,74,173
8,73,172
7,74,173
6,73,171
5,73,171
4,73,171
4,73,171
3,73,171
2,73,170
1,73,170
0,73,170
0,72,163
1,72,163
2,72,162
3,72,163
4,72,163
4,72,162
5,72,164
6,72,163
7,72,163
8,72,165
9,72,165
10,72,165
11,73,165
12,73,167
13,73,167
14,73,168
14,73,167
15,73,168
17,74,170
17,73,169
18,73,169
19,72,169
20,73,170
21,73,171
22,73,172
23,73,172
24,73,173
25,73,174
26,72,174
27,73,175
28,72,175
29,72,175
29,70,172
30,70,172
31,70,172
32,69,172
33,69,172
33,68,170
34,68,172
35,68,172
36,67,171
37,66,171
37,66,171
38,65,171
39,65,172
40,65,172
41,64,172
42,64,172
42,63,172
43,63,172
44,62,172
45,62,173
46,62,173
46,61,172
47,60,173
48,60,173
49,59,173
49,59,173
50,58,173
50,57,172
51,57,173
52,56,172
53,55,173
54,55,174
54,54,173
55,53,172
55,53,172
56,52,172
57,51,173
57,50,172
58,50,173
58,49,172
59,48,172
59,48,172
60,47,171
61,46,173
62,46,173
62,45,173
62,44,172
63,43,172
63,42,172
64,42,172
64,41,172
65,40,173
65,39,172
66,38,172
66,38,172
67,37,172
68,36,173
68,35,172
68,34,172
68,33,172
69,33,172
70,32,173
70,31,172
70,30,173
70,29,172
71,28,173
71,27,172
71,27,172
72,26,172
72,25,172
72,24,172
72,23,171
73,22,172
73,21,172
73,20,172
74,19,172
74,19,172
74,18,172
74,17,172
75,16,172
75,15,172
75,14,172
75,13,172
76,12,173
75,11,172
75,10,172
76,9,172
76,8,173
76,8,173
76,7,172
76,6,173
76,5,172
76,4,171
77,3,173
76,2,172
76,1,172
76,0,172
79,0,173
79,1,173
79,2,173
79,3,172
79,4,173
79,5,173
79,6,173
79,7,173
78,8,172
79,9,173
79,10,173
78,11,173
78,12,173
78,13,173
78,14,173
78,14,173
78,15,173
77,16,173
77,17,173
77,18,172
77,19,173
77,20,173
76,21,172
76,22,173
76,23,173
75,24,173
75,25,172
75,26,173
74,27,173
74,27,172
74,28,173
73,29,173
72,30,171
73,31,173
72,32,172
72,33,173
72,34,173
71,35,173
71,36,173
70,36,173
69,37,172
69,38,173
69,39,173
68,40,173
68,40,172
67,42,173
67,42,173
66,43,173
66,44,173
65,45,173
65,46,173
64,46,172
64,47,173
63,48,173
62,49,173
61,49,172
61,50,174
61,51,173
60,52,173
59,52,173
59,53,173
58,54,174
58,55,174
57,55,173
56,56,173
56,57,174
55,57,173
54,58,173
53,59,173
53,60,174
52,60,173
51,61,174
50,61,173
49,62,173
49,62,173
48,63,172
47,64,173
46,64,173
46,65,174
45,65,173
44,66,173
43,66,172
42,67,173
42,67,173
41,68,173
40,68,172
39,69,173
38,69,172
37,70,173
36,70,172
35,70,171
35,71,173
34,72,173
33,72,173
32,72,173
32,73,175
31,74,175
30,74,175
29,74,174
28,74,173
27,74,173
26,74,172
25,74,171
24,74,170
23,75,170
22,74,169
21,74,168
20,74,167
19,74,166
18,74,166
17,74,165
16,74,165
15,74,165
14,74,165
13,73,161
12,72,160
11,73,161
10,72,159
9,72,159
8,72,158
7,72,157
6,72,158
5,72,158
4,71,156
4,72,158
3,72,156
2,72,157
1,72,156
0,72,156
0,72,153
1,72,152
2,72,152
3,71,151
4,72,152
4,72,152
5,72,153
6,72,153
7,72,153
8,72,154
9,72,154
10,72,154
11,72,155
12,72,155
12,72,155
13,72,155
14,72,155
15,72,156
16,72,155
17,72,155
18,72,156
19,71,155
20,72,157
21,72,158
22,72,159
23,72,159
24,72,161
25,72,162
26,72,163
27,73,164
28,73,165
29,73,165
30,72,165
31,73,167
32,73,168
33,72,168
34,73,170
35,72,169
36,72,171
37,71,170
38,72,172
39,72,173
40,71,173
41,70,172
42,69,171
42,69,171
43,68,171
44,68,171
45,67,171
46,67,171
47,66,171
47,65,171
48,65,171
49,64,171
50,64,171
50,63,171
51,62,171
52,62,172
53,62,172
54,61,173
55,60,172
55,60,172
56,59,173
57,58,173
57,57,172
58,57,173
59,56,173
60,56,173
61,55,173
61,54,172
62,53,173
62,53,173
63,52,173
63,51,172
64,50,172
65,49,173
65,48,171
66,48,172
66,47,172
67,46,173
68,45,173
68,45,173
69,44,173
70,43,173
70,42,174
71,41,173
71,40,173
72,39,173
72,38,173
72,38,173
73,37,173
73,36,173
74,35,174
74,34,173
75,33,173
75,32,174
75,31,173
76,30,173
77,30,174
77,28,173
77,28,173
77,27,173
78,26,173
78,25,174
78,24,173
79,23,174
79,22,173
79,21,173
79,20,173
80,19,174
80,18,173
80,17,174
80,16,173
80,15,173
81,14,174
81,13,173
81,12,174
81,11,173
81,10,173
81,9,173
81,8,173
81,7,173
82,6,174
82,5,173
82,4,173
82,3,173
82,2,174
82,1,174
82,0,173
85,0,173
85,1,173
84,2,173
84,3,173
85,4,173
84,5,173
84,6,173
84,7,173
84,8,173
84,9,173
84,10,173
84,11,173
84,12,173
84,13,173
83,14,173
83,15,173
83,17,173
82,17,173
82,18,173
82,19,173
82,20,173
81,21,173
81,22,173
81,23,173
81,24,173
80,25,173
80,26,173
80,28,173
79,28,173
79,29,173
79,30,173
78,31,173
78,32,173
77,33,173
77,34,173
77,35,173
76,36,173
76,37,173
75,38,173
75,39,173
74,40,173
74,41,173
73,42,173
73,42,173
73,44,173
72,44,173
71,45,173
71,46,173
70,47,173
69,48,173
69,49,173
68,49,173
68,50,173
67,51,173
66,52,173
66,53,173
65,54,173
65,55,173
64,55,173
63,56,173
62,57,173
62,58,173
61,58,173
60,59,173
60,60,173
59,61,173
58,61,173
58,62,173
57,63,173
56,63,173
55,64,173
55,65,173
53,65,173
53,66,173
52,67,173
51,67,173
50,68,173
49,68,173
48,69,173
48,69,173
47,70,173
46,71,173
45,71,172
44,72,173
43,72,173
43,73,173
42,74,174
41,75,174
40,75,174
39,75,173
38,75,172
37,75,171
35,75,170
34,75,169
33,75,168
32,75,168
31,75,167
30,75,165
29,75,165
28,75,164
27,74,162
26,75,162
24,74,159
23,74,158
22,74,158
21,74,157
20,74,156
19,73,155
18,74,155
17,73,155
17,74,155
16,74,155
15,74,154
14,74,154
13,73,152
12,73,152
11,73,152
10,73,151
9,73,151
8,73,151
7,73,150
6,73,150
5,73,149
4,73,149
4,72,148
3,72,148
2,72,147
1,72,148
0,72,148
0,72,144
1,72,144
2,73,145
3,72,144
4,72,144
4,72,144
5,73,145
6,73,145
7,72,145
8,73,146
9,73,146
10,73,146
11,72,146
12,72,146
13,72,146
13,72,146
14,72,146
15,72,146
16,72,146
17,73,148
18,72,147
19,72,148
20,72,149
21,72,149
22,72,150
23,72,151
24,72,151
25,72,151
26,72,153
27,72,154
28,72,153
29,72,154
30,72,155
31,72,155
32,72,157
33,72,157
34,72,159
35,72,160
37,73,162
38,73,163
39,73,163
40,72,164
41,72,165
42,72,166
43,72,167
44,72,168
46,72,170
47,72,171
48,72,171
49,71,171
50,71,172
51,70,172
51,69,171
52,68,171
53,68,171
54,67,171
55,67,171
55,66,171
56,65,171
57,64,171
58,64,171
59,63,171
59,62,171
60,62,171
61,61,172
62,60,171
63,60,172
64,59,173
64,58,172
65,57,172
66,57,172
66,56,172
67,55,171
67,54,171
68,53,171
69,52,171
69,51,171
70,51,172
71,50,172
72,49,172
72,48,171
72,47,171
73,46,172
74,46,172
74,44,171
75,43,171
76,43,172
76,42,172
77,41,172
77,40,172
78,39,172
78,38,172
78,37,171
78,36,171
79,35,172
79,34,171
80,33,171
80,32,171
81,31,172
81,30,171
82,29,172
82,28,171
82,27,172
82,26,171
83,25,171
82,24,171
84,23,172
84,22,172
84,21,172
84,20,171
85,19,172
85,18,172
85,17,171
85,16,172
85,15,172
86,14,172
85,13,171
86,12,172
86,11,171
86,10,172
87,9,174
87,7,173
87,6,173
87,5,173
87,4,173
87,3,172
87,2,173
87,1,173
87,0,172
90,0,173
90,1,173
90,2,173
90,3,174
90,4,174
90,6,173
90,7,173
90,8,174
89,9,173
89,10,173
89,11,173
89,12,173
89,13,173
89,14,174
88,15,173
88,16,173
88,18,173
88,19,173
87,20,172
87,21,173
87,22,173
87,23,173
87,24,173
86,25,173
86,26,173
86,27,173
85,28,173
85,29,173
85,30,173
84,31,173
84,32,173
83,33,173
83,34,172
83,35,173
82,36,173
82,37,173
81,38,173
81,39,173
80,40,173
80,41,173
79,42,173
79,43,173
78,44,172
77,45,172
77,46,172
76,47,173
76,48,173
75,49,173
75,50,173
74,51,173
73,52,173
73,53,173
72,53,173
71,54,173
71,55,173
70,56,173
70,57,174
69,58,173
68,59,173
67,59,173
67,60,173
65,61,172
65,62,173
64,63,173
64,64,173
63,64,173
62,65,173
61,65,172
60,67,173
60,68,174
59,68,173
58,69,173
57,69,173
56,70,173
55,71,173
54,71,173
54,73,174
53,73,173
52,74,174
51,75,175
50,75,173
49,76,174
48,75,172
47,76,171
45,75,170
44,75,168
43,76,168
42,75,166
40,75,164
39,75,163
38,76,163
37,75,161
36,75,161
34,75,158
33,75,157
32,74,155
31,74,154
30,74,154
29,74,153
27,74,152
27,75,153
26,74,152
25,74,151
24,74,150
22,74,149
21,74,148
21,74,148
19,74,147
18,73,146
17,73,146
16,73,145
16,74,146
15,74,145
14,74,145
13,74,145
12,74,144
11,74,144
10,74,144
9,74,144
8,74,143
7,74,143
6,73,142
5,73,142
5,74,142
4,74,142
3,74,142
2,73,141
1,74,142
0,74,142
0,73,137
1,73,136
2,73,136
3,73,137
4,73,138
4,73,137
5,73,138
6,73,137
7,73,137
8,73,137
9,73,137
10,73,138
11,73,138
12,74,139
13,73,138
14,73,139
15,73,139
15,73,139
16,73,139
17,73,140
18,73,140
19,72,140
20,73,142
21,73,142
22,73,142
23,73,143
24,73,143
25,72,143
26,72,144
27,72,144
28,72,145
29,72,146
30,73,147
31,72,147
32,72,148
33,72,149
34,72,150
35,72,151
36,72,151
37,72,152
38,72,153
40,72,154
41,72,155
42,73,158
44,73,159
45,73,161
46,73,161
47,73,162
48,73,163
50,73,165
51,73,167
52,73,168
54,72,168
55,72,169
57,72,172
58,72,173
59,71,173
60,71,174
60,70,173
61,69,172
62,68,172
63,68,173
64,67,173
65,66,173
65,65,172
66,65,173
67,63,172
68,63,173
68,62,172
69,61,173
70,60,173
70,59,172
71,59,173
72,57,172
72,57,172
73,56,172
74,55,172
75,54,173
75,53,172
76,52,173
77,51,173
77,50,172
78,49,173
78,48,172
79,47,172
79,46,172
80,45,172
81,44,172
81,43,172
82,43,173
82,41,172
83,40,172
83,39,172
84,38,172
84,37,172
84,36,172
85,35,172
85,34,171
86,33,172
86,32,172
87,31,172
87,30,172
88,29,173
88,28,172
88,27,172
89,26,173
89,25,172
89,23,172
89,22,172
90,21,173
90,20,173
90,19,172
90,18,172
90,17,172
91,16,173
91,15,172
91,13,172
91,12,172
92,11,173
91,10,172
91,9,172
92,8,172
92,7,173
92,6,172
92,5,172
92,3,173
92,2,173
92,1,173
92,0,172
95,0,173
95,1,173
95,2,173
95,3,173
95,5,173
95,6,173
95,7,173
95,8,173
95,9,173
94,10,173
94,12,173
95,13,173
94,14,173
94,15,173
94,16,173
93,17,173
94,19,173
93,20,173
93,21,173
92,22,173
92,23,173
92,24,173
92,25,173
92,27,173
91,28,173
91,29,173
91,30,173
90,31,173
90,32,173
89,33,173
89,34,173
89,35,173
88,37,173
87,37,173
87,38,173
87,40,173
86,41,173
86,42,173
85,43,173
85,44,173
85,45,174
83,46,173
83,47,173
82,48,173
82,49,173
81,50,173
81,51,173
80,52,173
79,53,173
79,54,173
78,55,173
77,56,173
76,57,173
76,58,173
75,59,173
74,59,173
74,61,173
73,61,173
72,62,173
72,63,173
71,64,173
70,65,173
69,66,173
68,67,173
68,68,173
67,68,173
66,69,173
65,70,173
64,71,173
63,72,173
62,72,173
61,73,173
61,74,173
60,75,174
59,75,173
58,76,173
56,76,172
55,76,170
54,76,169
52,76,167
51,76,166
49,76,165
48,76,163
47,76,161
45,76,160
44,76,160
43,76,158
41,75,156
40,75,154
39,75,153
38,75,152
36,74,150
35,75,151
34,75,150
33,74,148
32,74,147
31,74,146
30,75,146
29,75,145
28,75,145
27,74,144
26,74,143
25,75,143
24,74,142
23,75,142
22,75,141
21,74,140
20,74,139
19,74,138
17,74,138
17,74,138
16,74,138
15,73,136
14,73,136
13,74,137
12,73,135
11,74,136
10,73,134
9,73,133
8,73,134
7,73,133
6,73,132
5,73,132
4,72,131
4,72,131
3,73,132
2,72,131
1,72,131
0,72,131
0,72,127
1,73,129
2,73,129
3,72,128
4,73,130
4,72,128
5,72,128
6,72,128
7,72,128
8,73,129
9,71,127
10,72,128
11,72,129
12,72,129
12,72,129
13,72,130
14,72,129
15,72,130
16,72,130
17,72,131
18,72,131
19,71,131
20,73,133
21,72,132
22,73,134
23,72,134
24,73,135
25,73,136
26,73,137
27,73,137
28,72,137
29,72,137
30,72,137
31,72,137
32,72,138
33,72,139
34,71,139
35,71,140
36,71,141
37,72,143
38,72,144
39,71,144
40,71,144
41,71,145
43,71,146
44,71,147
45,71,149
47,71,151
47,71,151
49,72,154
51,73,157
52,72,157
53,72,157
55,72,159
56,72,162
58,72,163
59,72,164
60,72,165
62,72,168
64,72,170
65,72,171
67,72,173
67,70,171
68,70,172
69,69,171
69,68,171
70,67,171
71,66,171
72,66,172
73,64,171
74,63,171
74,63,171
75,61,171
75,60,171
77,60,171
77,59,171
78,58,171
79,57,171
79,56,171
80,55,171
81,54,171
81,53,171
82,52,171
83,51,171
83,50,171
84,49,171
84,48,171
85,47,171
85,46,171
86,44,171
87,44,171
87,43,171
87,41,171
88,40,171
89,39,171
89,38,171
90,37,171
90,36,171
91,35,172
91,34,172
92,33,172
92,32,171
93,31,173
93,29,171
93,28,172
94,27,172
94,26,172
94,25,172
94,24,171
94,22,171
95,21,172
95,20,172
96,19,173
96,18,172
96,17,172
96,16,172
97,14,172
97,13,172
97,12,172
97,11,172
98,10,173
98,8,173
98,7,173
98,6,174
98,5,173
98,4,173
98,2,172
98,1,173
98,0,173
101,0,173
101,1,173
101,2,173
101,4,174
101,5,173
101,6,174
101,7,174
100,9,173
100,10,173
100,11,173
100,12,173
100,14,174
100,15,174
99,16,172
99,17,173
99,18,173
99,20,173
99,21,173
99,22,174
98,23,174
98,24,173
97,26,173
98,27,174
97,28,173
96,29,173
96,30,173
96,32,173
95,33,173
95,34,173
94,35,172
93,36,172
94,37,173
93,39,173
92,39,172
92,41,172
92,42,173
91,43,172
91,44,173
90,45,173
89,46,173
89,47,173
89,49,174
88,50,173
87,51,174
86,52,173
86,53,173
85,54,173
84,55,173
83,56,172
83,57,173
82,58,173
82,59,173
81,60,173
80,61,173
79,62,173
78,63,172
78,64,173
77,65,173
76,66,173
76,67,174
75,68,173
74,69,174
73,69,173
72,71,174
71,71,173
71,72,174
70,73,174
69,74,174
68,75,174
67,76,174
66,76,173
64,76,170
62,76,168
61,76,168
59,76,166
58,77,165
56,76,162
55,76,161
54,76,160
52,76,158
51,76,156
49,76,155
48,75,153
46,75,152
45,75,150
44,75,149
43,75,149
42,75,148
40,75,147
39,75,145
38,75,143
36,75,143
35,75,142
34,75,141
33,75,141
32,75,141
31,74,138
30,74,137
29,74,137
28,75,137
27,74,136
25,74,134
24,74,134
23,74,133
22,74,132
21,74,131
20,73,130
19,74,130
18,73,130
17,73,130
17,74,130
15,73,128
15,74,129
14,73,128
13,74,129
12,73,127
11,73,127
10,74,128
9,72,125
8,74,127
7,73,126
6,73,125
5,73,125
4,73,125
4,72,124
3,72,124
2,72,124
1,72,124
0,72,124
0,71,119
1,71,119
2,71,118
3,72,120
4,71,119
4,72,120
5,71,119
6,71,119
7,71,119
8,72,120
9,71,120
10,71,120
11,71,120
12,72,121
12,71,121
13,71,121
14,72,123
15,72,123
16,72,124
17,72,124
18,72,124
19,72,124
20,72,124
21,72,125
22,72,126
23,72,126
24,72,126
25,71,126
26,72,127
27,72,128
27,71,127
29,72,130
30,72,130
31,72,131
32,72,131
33,72,133
34,72,134
35,72,134
36,72,135
37,72,135
38,72,136
39,72,136
40,71,136
42,72,138
43,71,138
44,71,140
45,71,141
46,71,142
47,71,142
49,71,144
50,71,146
51,71,147
53,71,148
54,72,150
56,72,152
57,71,153
59,72,155
60,71,155
62,72,158
64,72,160
65,72,162
67,72,164
68,71,165
70,71,166
71,71,168
74,72,172
74,71,172
75,70,172
76,69,172
77,68,171
78,67,172
79,66,172
80,66,172
80,64,171
81,63,172
82,62,172
82,61,171
83,60,172
84,59,171
84,58,171
85,57,172
86,56,171
87,55,172
88,54,172
89,53,172
89,52,172
90,51,172
90,50,172
91,48,172
91,47,172
92,46,172
92,45,172
93,44,172
93,43,172
94,41,171
95,41,172
95,40,172
95,38,172
96,37,172
96,36,172
97,35,172
97,33,172
98,32,172
99,31,172
98,30,172
99,29,172
100,28,172
99,26,172
100,25,172
100,24,172
100,23,172
101,21,172
101,20,172
101,19,172
101,18,172
102,16,172
102,15,172
102,14,172
103,13,172
102,11,172
102,10,172
103,9,172
103,8,172
103,6,172
103,5,172
104,4,173
103,3,172
104,1,173
103,0,172
106,0,173
106,1,172
106,3,172
106,4,173
106,5,173
106,7,173
106,8,173
106,9,172
106,10,173
106,12,173
105,13,172
105,14,172
105,16,172
105,17,172
105,18,173
105,19,173
104,21,172
105,22,174
104,23,173
104,25,173
103,26,173
103,27,173
103,28,173
102,30,172
101,31,172
102,32,173
101,33,172
100,34,172
100,36,173
99,37,172
99,38,173
99,40,173
98,41,173
97,42,172
97,43,173
96,44,172
96,46,173
95,46,172
95,48,173
94,49,172
94,50,173
93,51,173
92,52,172
92,54,173
91,55,173
91,56,173
90,57,172
89,58,173
88,59,172
88,60,173
87,61,173
86,62,173
86,63,173
85,64,173
84,66,173
83,66,172
82,67,172
81,69,173
80,69,172
80,71,173
79,72,173
78,72,173
77,73,173
77,75,174
75,75,173
74,76,173
72,76,170
71,76,169
69,76,167
67,76,165
66,76,163
64,76,161
62,76,159
61,76,158
59,76,156
57,76,154
56,75,152
54,75,150
53,75,148
51,75,147
50,75,146
49,75,145
47,75,144
46,75,142
45,75,141
43,74,140
42,74,139
41,74,138
40,74,137
39,75,136
38,75,136
37,75,135
35,75,135
34,75,134
33,74,132
32,74,130
31,74,130
30,74,129
29,74,129
27,74,128
26,74,127
25,73,126
24,74,126
23,74,125
22,74,125
21,74,125
20,73,123
19,74,123
18,74,123
17,73,123
16,73,122
15,73,121
15,73,121
14,73,121
13,73,121
12,73,119
11,73,119
10,73,119
9,72,118
8,72,118
7,72,117
6,72,117
5,72,117
4,72,117
4,72,117
3,72,117
2,72,117
1,72,117
0,71,116
0,73,115
1,72,114
2,72,114
3,72,114
4,73,115
4,72,114
5,72,114
6,72,114
7,72,115
8,72,114
9,72,114
10,72,115
11,72,115
12,72,115
12,72,115
13,72,115
14,72,116
15,72,116
16,72,116
17,71,116
18,72,117
19,72,117
20,72,117
21,71,117
22,71,117
23,71,118
24,72,119
25,72,120
26,72,120
27,72,121
28,72,123
29,73,123
30,72,123
31,72,123
32,71,123
33,72,126
34,72,125
35,71,125
36,71,126
37,72,128
39,72,129
40,72,130
41,72,131
42,72,132
43,72,133
44,72,133
45,71,133
47,72,135
48,72,136
49,71,137
51,72,139
52,72,139
53,71,140
55,72,143
56,71,143
57,71,144
58,71,145
60,71,147
62,71,149
63,71,150
65,71,152
66,71,154
68,72,156
70,72,159
71,71,160
73,71,161
75,72,164
77,71,166
78,71,166
81,72,171
82,71,172
84,70,172
84,69,172
85,68,172
86,67,172
86,65,171
87,65,172
88,64,172
89,63,172
90,61,172
90,60,171
91,59,172
92,58,172
92,57,172
93,56,172
93,54,171
94,53,171
95,52,172
95,51,171
96,50,172
97,49,172
98,48,172
98,46,171
98,45,171
99,44,171
99,43,171
100,42,172
100,40,171
101,39,172
102,38,172
102,36,171
102,35,171
103,34,172
103,32,170
103,31,171
104,30,171
104,29,171
105,28,171
105,26,172
105,25,170
105,24,171
106,22,171
107,21,172
107,20,172
106,18,171
107,17,171
107,16,172
108,15,172
108,13,172
108,12,172
108,11,172
108,9,171
108,8,171
108,7,171
108,5,172
109,4,172
108,3,171
108,1,171
109,0,172
110,0,168
110,1,168
110,3,169
110,4,168
109,5,168
109,7,168
109,8,168
109,9,168
109,11,168
109,12,168
109,13,168
109,15,169
109,16,169
109,17,169
109,19,169
108,20,169
108,21,169
108,23,170
108,24,170
108,26,171
108,27,171
108,28,171
107,30,171
107,31,171
106,32,170
106,33,170
105,35,170
105,36,171
105,37,171
104,39,170
103,40,170
104,42,172
103,43,171
103,44,172
102,45,172
102,47,172
101,48,172
100,49,172
100,51,173
100,52,173
99,53,172
98,54,172
97,55,172
97,57,173
96,58,173
96,59,173
95,60,173
94,61,172
93,62,173
93,64,173
92,65,173
91,66,173
91,67,174
89,68,173
88,69,172
87,70,172
86,71,172
86,72,172
85,73,173
85,75,174
84,76,174
83,77,174
81,77,171
78,77,168
76,76,166
75,76,164
73,77,163
71,76,159
69,76,158
67,76,156
65,76,153
64,76,153
62,76,151
60,75,148
59,75,147
57,75,145
56,75,143
54,75,142
53,75,141
52,75,140
50,75,138
49,75,137
47,75,136
46,75,135
45,75,134
44,75,133
42,75,132
41,75,132
40,75,130
39,75,129
38,75,128
36,74,127
35,74,127
34,73,124
32,73,123
32,74,123
31,74,123
30,74,123
28,74,122
28,74,122
26,73,120
26,74,121
24,74,120
23,73,117
22,74,118
21,73,117
20,73,116
19,73,116
18,73,116
17,73,116
16,73,115
16,74,116
15,73,115
14,73,114
13,73,114
12,73,114
11,73,114
10,73,113
9,73,113
8,73,113
7,73,113
6,74,114
5,73,113
4,73,112
4,73,112
3,74,113
2,73,112
1,73,112
0,73,112
0,73,110
1,73,110
2,73,109
3,73,109
4,73,109
4,73,109
5,73,110
6,73,110
7,72,109
8,73,110
9,73,111
10,73,111
11,73,111
12,73,111
13,72,110
14,73,111
15,73,111
15,73,111
16,73,111
17,72,111
18,72,111
19,72,111
20,72,112
21,72,111
22,72,112
23,72,113
24,72,113
25,72,114
26,72,114
27,71,114
27,71,114
29,72,116
30,71,116
31,71,116
32,72,117
33,72,118
34,72,119
35,71,119
36,72,121
37,72,121
38,72,121
39,72,122
41,72,123
42,72,125
43,71,125
44,71,126
45,72,127
47,72,129
48,73,131
49,72,131
51,72,131
52,72,133
53,72,134
54,71,134
56,71,136
57,71,136
59,72,139
60,72,141
62,72,141
63,71,142
65,71,144
67,72,146
68,72,148
69,71,149
71,71,151
73,71,153
75,72,155
77,71,156
79,71,159
81,71,161
82,71,163
85,71,165
87,71,168
89,72,171
90,70,171
91,69,171
92,68,171
93,67,171
94,66,171
94,65,171
95,64,171
96,62,171
97,61,171
98,60,172
98,59,171
99,58,171
100,56,171
101,55,172
101,54,172
103,53,173
103,52,172
104,51,173
104,49,172
104,48,171
105,47,172
105,45,171
106,44,171
106,42,171
106,41,170
106,39,170
107,38,170
108,37,170
108,36,170
109,35,171
109,33,170
109,32,170
109,30,170
110,29,170
110,28,170
110,26,170
110,25,169
110,23,168
110,22,168
110,21,168
110,19,167
110,18,166
110,16,166
110,15,166
109,13,165
110,12,166
109,11,165
109,9,164
110,8,165
110,7,165
110,5,165
109,4,164
109,3,164
110,1,165
109,0,164
110,0,160
109,1,159
109,3,159
109,4,159
110,5,160
110,7,160
109,8,159
109,9,160
109,11,160
109,12,160
109,13,160
109,15,161
109,16,161
109,18,161
109,19,162
108,20,161
108,22,161
108,23,162
108,24,162
108,26,162
109,27,163
108,29,163
109,30,164
108,31,164
108,33,165
108,34,165
107,35,165
108,37,166
108,38,167
107,40,167
108,42,168
108,43,169
107,44,169
107,46,170
107,47,171
106,49,171
105,50,170
105,51,171
104,52,170
104,54,171
103,55,170
103,56,171
102,58,171
102,59,172
100,60,171
100,62,172
99,63,172
99,64,172
98,65,172
97,67,172
96,68,172
95,69,172
95,70,172
94,71,172
92,72,171
91,73,171
91,75,172
90,76,172
89,76,171
86,76,167
83,76,164
81,75,162
79,76,160
78,76,158
76,76,156
74,76,155
72,76,153
70,76,151
69,76,149
67,75,147
64,75,143
63,75,143
61,75,141
60,75,140
59,75,139
57,75,137
55,75,135
54,74,134
52,74,133
51,75,132
50,74,130
49,75,130
48,75,129
46,75,129
45,75,127
43,74,125
42,74,125
41,74,123
39,74,122
38,73,120
37,74,120
36,73,119
35,74,119
34,74,118
33,73,117
31,73,116
30,73,115
29,73,115
28,73,114
27,73,114
26,73,113
25,73,112
24,73,112
23,73,111
22,73,110
21,73,111
20,74,111
19,73,110
18,74,110
18,74,110
16,73,110
16,74,110
15,74,110
14,74,110
13,74,109
12,74,109
11,73,108
10,73,108
9,74,109
8,74,108
7,74,108
6,74,108
5,73,107
4,73,106
4,73,107
3,73,107
2,74,107
1,74,107
0,73,106
0,74,105
1,74,105
2,73,104
3,73,104
4,73,104
5,74,105
5,74,105
6,73,104
7,73,105
8,73,105
9,74,105
10,73,105
11,73,105
12,73,105
13,73,105
14,73,105
14,73,105
16,73,106
16,73,106
17,73,106
18,73,106
19,73,107
20,73,108
21,73,108
22,73,108
23,73,109
24,73,109
25,72,109
26,72,109
27,72,110
28,73,110
29,72,110
30,72,110
31,72,111
32,72,111
33,72,112
34,71,112
35,72,114
36,71,114
37,72,114
38,72,115
39,72,116
41,72,118
42,72,118
43,72,119
44,72,119
45,72,120
46,71,121
48,71,122
49,72,123
51,72,125
52,72,127
54,73,128
55,72,128
56,71,128
57,71,130
58,71,131
60,71,132
62,72,134
63,71,135
65,71,137
66,71,138
67,71,139
69,71,141
71,71,143
73,72,146
75,71,147
77,72,150
79,71,150
81,71,153
83,71,155
85,71,157
86,71,159
89,72,163
91,71,164
93,71,167
96,71,169
98,71,173
100,70,173
100,68,172
101,67,172
101,66,171
102,65,172
103,63,172
104,62,172
104,61,171
106,60,173
105,58,171
107,57,172
107,55,171
107,54,171
108,53,171
109,51,171
109,50,171
111,49,173
111,47,171
111,46,171
111,44,169
111,43,168
110,41,166
110,39,166
110,38,165
110,36,164
110,35,164
110,33,164
111,32,164
110,31,163
110,29,162
111,28,162
110,26,161
110,25,160
110,23,159
110,22,159
110,21,159
109,19,158
110,18,159
110,16,159
110,15,158
110,14,157
110,12,157
111,11,158
111,10,158
110,8,157
110,7,156
110,5,156
110,4,157
110,3,156
111,1,157
110,0,156
111,0,153
110,1,152
110,3,152
110,4,152
110,5,152
110,7,152
110,8,153
110,9,153
110,11,152
110,12,153
110,14,153
109,15,152
110,16,153
110,18,154
109,19,153
109,20,154
109,22,153
108,23,153
108,24,153
108,26,154
108,27,154
108,29,155
108,30,155
108,31,156
108,33,156
108,34,157
107,35,156
108,37,158
108,38,158
108,40,159
108,42,160
108,43,160
108,45,161
107,46,161
107,47,162
107,49,163
107,51,164
107,52,165
107,54,165
108,56,168
107,57,169
107,59,169
108,61,171
107,62,171
107,64,172
105,65,171
103,66,169
103,67,169
102,68,169
101,70,170
100,70,169
100,72,170
98,73,169
99,76,173
98,76,172
95,76,169
93,76,166
91,77,165
88,76,160
86,76,159
84,76,156
82,76,154
79,76,152
78,76,150
76,76,148
74,75,146
72,76,144
70,75,142
68,75,139
66,75,138
65,75,137
63,74,135
61,75,134
60,75,132
58,74,130
57,75,130
55,75,129
54,75,128
53,75,127
52,75,126
50,75,125
49,75,123
47,74,122
45,74,120
44,74,119
43,74,119
42,74,118
41,74,117
40,74,117
38,74,115
37,73,113
36,74,113
35,74,113
34,73,112
32,73,110
31,73,110
30,74,110
29,73,109
28,73,109
27,74,109
26,73,108
25,74,108
24,74,108
23,74,107
23,75,108
22,74,107
20,74,106
20,74,106
19,74,106
18,74,105
17,74,105
16,75,105
15,74,104
14,74,105
13,74,104
12,74,104
11,74,104
10,74,104
9,74,103
8,74,103
7,74,103
6,74,103
5,74,102
5,74,102
4,74,102
3,74,102
2,74,102
1,74,102
0,73,101
0,74,100
1,73,99
2,74,100
3,74,100
4,74,100
5,74,100
5,74,100
6,74,100
7,74,100
8,73,99
9,73,100
10,73,100
11,73,100
12,74,100
13,74,101
14,73,100
15,73,100
16,73,101
17,74,102
17,73,101
18,73,102
19,73,102
20,73,103
21,73,103
22,73,103
23,73,104
24,74,104
25,72,103
26,72,104
27,73,104
28,72,104
29,73,106
30,73,107
31,73,107
32,72,107
33,73,108
34,72,108
35,72,108
36,72,108
37,71,108
38,71,108
39,71,109
41,72,111
42,72,112
43,72,113
44,71,112
45,71,114
46,71,115
48,71,116
49,72,117
50,71,117
52,71,119
53,71,120
54,72,121
56,71,122
58,72,124
59,72,125
60,72,126
61,71,127
63,71,129
64,71,129
66,71,130
68,71,133
69,71,134
71,71,136
72,71,137
74,71,138
76,71,141
79,72,144
81,71,145
82,71,146
84,71,149
87,71,151
89,71,153
91,71,155
93,71,157
96,71,161
98,71,163
100,71,165
103,71,169
106,70,171
107,70,173
107,68,171
108,66,170
109,65,171
110,64,172
110,63,171
111,61,170
110,59,169
110,57,167
110,55,166
110,54,165
110,52,164
109,50,162
109,49,161
110,47,161
110,46,161
110,44,160
110,42,159
110,41,158
109,39,157
109,38,156
110,36,156
110,35,155
110,33,155
110,32,154
110,30,153
109,29,153
110,28,153
110,26,153
109,25,151
110,23,152
110,22,151
110,20,150
110,19,150
109,18,149
110,16,150
110,15,149
109,13,149
110,12,149
110,11,149
110,9,149
110,8,149
111,7,149
110,5,149
110,4,148
110,3,149
110,1,148
110,0,148
110,0,144
110,1,144
108,3,142
108,4,142
108,5,142
109,7,143
108,8,142
109,9,143
108,11,143
109,12,144
109,13,144
109,15,144
108,16,144
108,17,144
109,19,145
109,20,146
109,22,146
108,23,146
109,24,146
109,26,147
109,27,147
109,29,148
109,30,148
108,31,148
108,33,148
108,34,149
108,36,149
108,37,150
107,38,150
108,40,151
107,41,151
107,43,151
107,44,153
107,46,154
107,47,154
107,49,154
107,51,156
107,52,157
107,54,158
106,55,158
107,57,159
107,59,160
106,60,160
106,62,162
106,64,163
107,66,165
106,67,166
107,70,168
107,71,169
107,73,170
106,75,170
105,76,170
103,76,169
100,76,166
98,76,163
95,76,160
92,76,157
90,76,155
88,76,153
86,76,150
84,76,149
82,76,146
79,76,144
78,76,142
75,75,139
73,75,138
71,75,135
70,75,134
68,75,134
66,75,131
64,75,130
63,75,128
61,75,127
60,75,127
59,75,126
57,75,124
56,76,124
54,75,122
53,75,120
51,74,119
50,75,118
49,75,117
48,75,117
46,75,115
45,75,115
43,74,113
42,74,112
41,74,111
40,74,111
38,74,110
38,75,110
36,75,109
35,74,108
34,74,107
33,74,107
32,75,107
31,74,106
30,75,106
29,74,104
28,74,104
27,75,104
26,74,103
25,74,103
24,74,103
22,74,102
22,74,102
21,74,101
20,75,102
19,75,101
18,74,100
17,74,100
16,74,99
15,74,99
14,74,99
13,75,99
12,74,99
11,74,99
10,74,98
9,74,98
8,73,97
7,74,97
6,74,97
5,74,97
5,74,97
4,74,97
3,74,97
2,74,97
1,74,97
0,74,97
0,74,95
1,74,95
2,74,95
3,74,95
4,74,95
5,74,95
5,74,95
6,74,95
7,73,95
8,74,95
9,74,95
10,74,95
11,74,95
12,73,95
13,74,96
14,74,96
15,74,96
16,73,96
16,73,96
17,74,97
18,73,97
19,73,97
20,74,98
21,73,98
22,73,98
23,74,99
24,74,99
25,73,99
26,73,99
27,73,100
28,73,101
29,73,101
30,73,102
32,74,102
32,73,102
33,73,102
34,73,103
35,72,103
37,73,104
37,72,104
39,72,105
39,72,105
41,72,106
42,72,106
43,71,106
44,71,107
45,72,109
46,71,109
48,71,110
49,72,111
51,72,113
52,72,114
53,72,114
54,71,114
55,71,115
57,71,117
58,71,117
60,71,119
62,72,121
63,71,122
65,72,124
66,71,125
68,71,126
70,71,128
71,71,129
73,71,131
75,71,132
77,71,134
78,71,135
80,71,136
82,71,139
84,71,141
87,71,143
88,71,145
91,71,148
93,71,150
95,71,152
98,71,155
100,70,157
103,71,160
106,71,163
108,70,166
110,70,167
111,68,167
110,66,165
111,64,164
110,62,162
110,61,161
110,59,160
110,57,159
110,56,158
110,54,157
111,52,157
110,50,155
110,49,155
110,47,154
110,45,152
110,44,151
110,42,151
110,41,151
109,39,149
109,38,148
110,36,148
110,35,148
110,33,147
110,32,147
110,30,146
110,29,146
110,28,145
110,26,145
110,25,145
110,23,143
110,22,143
110,20,143
109,19,142
109,18,142
110,16,142
109,15,141
109,13,140
109,12,140
109,11,140
108,9,140
109,8,140
109,7,140
109,5,140
109,4,140
109,3,140
109,1,140
110,0,140
109,0,137
109,1,136
109,3,136
109,4,136
109,5,137
109,7,137
109,8,137
109,9,137
109,11,137
108,12,136
108,13,136
108,15,137
108,16,137
109,17,137
108,19,137
108,20,137
108,21,137
108,23,138
108,24,138
108,26,138
108,27,139
108,28,139
107,30,139
108,31,141
108,33,141
108,34,142
108,36,142
108,37,143
108,39,144
108,40,144
108,42,144
107,43,144
108,45,146
107,46,145
107,48,147
107,49,148
107,51,148
108,53,150
107,54,150
107,56,151
107,57,152
107,59,153
107,61,154
107,63,155
107,64,155
106,66,156
106,67,157
106,69,158
107,71,160
106,72,160
106,74,162
105,76,162
103,77,161
100,76,158
98,76,155
95,76,151
93,76,150
90,76,148
88,76,145
86,76,143
84,76,141
82,76,140
79,75,137
77,75,134
75,75,133
73,75,131
72,75,130
70,75,128
68,75,127
66,74,124
65,75,124
64,76,123
62,75,122
61,76,121
59,75,119
57,75,117
55,74,116
54,74,115
53,75,114
51,74,112
50,75,112
48,74,110
46,73,109
46,74,109
44,74,108
43,73,106
42,74,106
40,73,105
39,74,105
38,74,104
37,74,104
36,74,103
35,74,102
34,75,103
33,74,101
32,75,101
31,75,101
30,75,101
29,75,101
28,75,100
27,75,99
26,75,99
25,75,98
24,74,98
23,75,98
22,74,97
21,75,97
20,75,97
19,74,95
18,74,95
17,74,95
16,75,95
15,74,94
14,75,95
13,75,95
12,75,94
11,75,95
10,75,94
9,74,94
8,75,94
7,74,93
6,75,94
5,74,93
5,75,94
4,75,94
3,74,93
2,73,91
1,74,92
0,74,92
0,74,90
1,74,90
2,74,90
3,74,90
4,74,90
5,74,90
5,73,90
6,74,90
7,73,90
8,74,90
9,74,91
10,74,91
11,73,90
12,74,91
13,74,91
14,73,90
15,74,92
16,74,92
17,74,92
17,73,92
19,74,94
20,75,94
20,74,94
21,74,94
22,74,94
23,74,94
24,74,95
25,73,94
26,73,95
27,73,95
28,73,95
29,73,96
30,73,97
31,73,97
32,73,97
34,73,98
34,73,98
36,74,100
37,73,100
38,73,100
39,73,100
40,73,101
41,72,101
42,72,102
43,72,102
44,72,103
45,71,103
47,72,104
48,72,105
49,72,106
50,72,107
51,70,106
53,71,108
55,72,110
56,72,111
57,71,111
58,71,111
60,71,113
61,71,114
63,71,116
65,71,117
66,72,119
68,72,121
70,72,122
71,71,123
73,71,124
74,70,124
77,71,128
78,71,128
80,71,131
82,71,132
83,70,133
86,71,136
89,71,138
91,71,141
93,71,143
95,71,145
98,71,147
100,71,149
103,70,152
105,70,154
108,71,158
109,69,157
109,67,156
109,66,155
110,64,155
110,62,154
111,61,154
110,59,152
110,57,151
110,56,151
110,54,149
110,52,148
110,50,148
110,49,147
110,47,146
110,46,145
110,44,145
111,43,145
111,41,144
111,40,143
110,38,142
110,36,141
111,35,141
111,34,141
110,32,139
109,30,138
109,29,138
109,27,137
109,26,137
109,24,136
109,23,135
110,22,136
109,20,135
109,19,135
110,18,135
110,16,135
109,15,135
109,13,134
108,12,133
109,11,134
109,9,133
109,8,133
108,7,132
109,5,133
108,4,132
108,3,132
109,1,133
109,0,133
108,0,129
108,1,128
108,3,129
109,4,129
107,5,128
108,7,129
108,8,129
108,9,129
108,11,129
108,12,129
108,13,129
108,15,129
108,16,129
107,17,129
108,19,130
108,20,130
107,21,130
108,23,131
107,24,131
108,26,132
107,27,132
108,28,132
108,30,133
107,31,132
107,33,133
107,34,134
107,35,134
107,37,135
107,38,135
107,40,136
108,41,137
108,43,138
108,45,138
108,46,140
108,48,140
108,49,141
108,51,142
108,53,142
107,54,142
107,56,144
107,57,144
107,59,145
107,61,146
107,63,148
107,64,148
107,66,149
107,68,150
106,69,151
106,71,152
106,73,153
105,74,153
105,76,154
103,76,152
100,76,149
98,76,148
95,76,145
93,76,142
90,76,140
87,75,137
86,76,136
83,75,133
81,75,131
79,75,129
77,76,129
75,75,126
73,75,125
71,75,123
70,75,122
68,75,121
67,75,119
65,75,118
63,75,117
61,75,115
59,74,112
58,75,112
57,74,111
55,74,110
54,75,109
52,74,108
50,73,106
50,74,106
48,74,105
47,73,103
46,74,103
45,75,103
43,75,103
42,75,102
41,74,101
40,75,101
39,75,100
38,75,99
36,75,99
36,75,99
35,76,99
33,75,97
32,75,96
31,75,96
30,75,96
29,75,96
28,75,96
27,75,95
26,75,95
25,75,93
24,74,93
23,75,93
22,75,93
21,75,93
20,75,92
19,74,91
18,75,92
17,75,91
16,75,91
15,75,90
14,75,90
13,75,91
12,74,90
11,74,89
10,75,90
9,75,90
8,74,89
7,75,90
6,74,89
6,75,90
5,74,88
4,74,88
3,74,88
2,75,89
1,74,88
0,74,88
0,75,87
1,74,86
2,74,86
3,75,87
4,75,87
5,74,86
6,76,88
6,74,86
7,74,86
8,75,87
9,75,88
10,74,86
11,75,88
12,75,88
13,75,88
14,74,87
15,74,87
16,74,88
17,74,88
18,74,88
18,73,87
19,74,89
20,74,89
22,75,90
22,73,89
23,73,89
25,75,92
25,74,91
26,74,91
27,73,91
28,74,92
29,73,91
30,74,92
31,73,92
33,73,93
33,73,93
35,74,95
36,74,95
37,73,95
38,73,95
39,74,97
40,73,97
41,73,97
42,73,98
44,73,98
45,72,98
46,72,99
47,72,100
48,72,101
49,72,101
50,72,101
51,71,101
53,71,102
54,71,104
56,72,105
57,71,105
59,72,108
60,71,108
61,71,109
63,71,110
64,71,111
66,71,112
68,71,114
69,71,115
72,72,117
73,72,119
75,71,120
77,71,121
78,71,123
80,71,123
82,71,126
84,71,127
86,70,129
88,71,131
90,70,133
93,71,136
95,71,138
98,71,140
100,70,142
102,70,144
106,71,148
108,70,149
110,70,151
110,68,150
110,66,149
111,64,148
111,63,148
110,61,146
111,59,145
110,57,144
110,56,143
110,54,142
111,53,142
111,51,142
111,49,141
111,48,140
111,46,139
110,44,137
110,43,137
110,41,136
109,39,135
109,38,134
109,36,133
110,35,133
110,33,133
110,32,133
110,30,132
109,29,131
110,27,131
109,26,130
110,25,130
109,23,129
109,22,129
109,20,129
109,19,128
109,18,128
109,16,127
109,15,127
108,13,126
108,12,126
109,11,126
108,9,126
108,8,126
108,7,126
108,5,126
108,4,125
108,3,125
108,1,126
108,0,125
109,0,123
109,1,123
108,3,122
108,4,122
108,5,122
108,7,123
108,8,123
108,9,123
108,11,123
107,12,122
108,13,123
108,15,123
108,16,124
107,17,123
107,19,123
107,20,124
107,21,124
107,23,124
107,24,124
106,25,124
107,27,124
107,28,125
107,30,125
106,31,125
106,32,126
107,34,127
106,35,127
107,37,128
107,38,128
107,40,129
106,41,129
106,43,130
106,44,130
107,46,131
106,47,131
107,49,133
107,51,134
107,52,134
107,54,135
107,56,136
107,57,137
107,59,138
107,60,139
106,62,139
106,64,140
106,65,141
106,67,142
105,69,142
106,71,144
105,72,145
105,74,145
104,75,145
102,76,144
100,76,142
97,76,139
95,76,137
93,76,136
90,75,133
87,75,130
85,75,128
82,75,126
81,75,125
79,75,123
77,75,121
74,74,119
73,75,118
72,75,118
70,75,116
68,75,114
66,74,112
64,74,111
63,75,110
61,74,109
60,74,108
58,74,106
57,74,106
55,74,104
53,74,103
52,74,102
50,73,100
49,74,100
48,74,100
47,74,99
46,74,98
45,74,98
44,75,98
42,74,97
41,74,96
40,75,96
39,75,96
38,75,94
37,75,94
35,75,94
34,74,92
33,74,92
32,75,92
31,75,91
30,74,91
29,74,90
28,75,90
27,75,90
26,75,89
25,75,90
24,75,88
22,74,88
22,75,88
21,75,88
20,74,87
19,75,87
18,74,86
17,74,86
16,75,86
15,74,85
14,74,85
13,74,85
12,75,85
11,74,85
10,75,85
9,75,85
8,74,85
7,74,85
6,74,84
5,74,84
5,75,85
4,75,85
3,74,84
2,74,84
1,75,85
0,75,85
0,74,82
1,75,82
2,75,83
3,74,82
4,74,82
5,74,82
5,74,82
6,74,82
7,74,82
8,75,83
9,74,82
10,75,83
11,73,82
12,75,84
13,74,83
14,74,83
15,74,84
16,74,84
16,73,83
18,74,84
18,74,84
19,73,84
20,74,84
22,74,85
22,73,84
23,73,84
24,74,86
25,73,85
26,74,87
27,74,87
28,73,87
29,74,87
30,72,86
31,73,88
33,74,89
33,73,88
34,73,89
36,73,90
37,73,90
38,73,91
39,73,91
40,73,92
41,72,92
42,73,93
43,72,93
44,72,93
46,73,95
47,72,95
48,72,96
49,72,96
51,72,97
52,71,97
53,71,98
54,71,99
55,71,99
56,70,99
58,71,101
59,70,102
61,71,103
62,70,104
64,71,105
65,70,106
67,71,107
69,71,109
71,71,110
73,71,112
75,71,114
77,71,116
78,71,116
79,70,117
82,71,119
83,70,120
86,71,123
88,70,124
89,70,125
92,70,127
94,70,130
97,70,132
100,70,135
102,70,137
105,70,139
107,70,141
108,69,142
109,67,142
109,66,141
110,64,140
110,62,139
109,60,138
110,59,138
110,57,136
110,56,136
110,54,136
110,52,135
110,50,133
110,49,133
109,47,131
109,45,130
108,43,129
109,42,129
109,40,128
110,39,129
110,38,128
110,36,128
110,35,127
109,33,126
109,32,125
109,30,124
109,29,124
109,27,124
108,26,123
109,24,123
109,23,123
109,22,123
109,20,122
110,19,123
109,18,122
110,16,122
110,15,122
110,14,122
110,12,122
110,11,122
109,9,121
109,8,121
109,7,121
109,5,121
109,4,121
109,3,121
109,1,121
109,0,121
109,0,117
109,1,117
109,3,117
110,4,118
109,5,117
109,7,117
109,8,117
108,9,117
108,11,117
108,12,117
109,13,118
109,15,118
108,16,118
109,18,119
109,19,119
108,20,119
109,22,119
109,23,119
108,24,119
108,26,119
108,27,119
108,28,120
108,30,120
108,31,121
107,33,121
107,34,121
107,35,121
106,37,121
106,38,122
106,39,122
106,41,122
106,42,123
106,44,124
106,46,125
107,47,126
106,49,126
106,50,127
106,52,127
106,53,127
106,55,128
106,57,130
107,59,131
107,60,132
107,62,133
107,64,134
107,66,135
106,67,136
106,69,136
106,71,137
106,73,138
105,74,138
104,75,138
102,76,137
100,76,135
97,76,133
95,76,131
92,76,128
89,75,125
87,75,123
85,75,122
83,75,120
81,75,119
78,75,116
77,75,116
75,75,114
74,76,114
72,75,112
70,75,111
68,75,108
66,74,107
64,75,106
63,75,106
61,75,104
60,74,103
58,74,101
57,75,101
55,74,100
54,74,99
53,75,98
52,75,98
50,75,97
49,75,96
48,75,96
46,75,95
45,75,95
44,75,94
43,75,93
41,75,92
40,75,92
39,75,91
38,75,90
37,75,90
36,75,89
34,74,88
34,76,89
32,75,88
31,75,88
30,75,86
29,76,87
28,75,86
26,74,84
26,75,85
25,76,86
24,75,85
23,75,84
22,75,84
21,75,84
20,75,84
19,77,85
18,75,84
17,76,84
16,75,82
15,75,83
14,76,83
13,76,84
12,76,83
11,76,83
10,76,82
9,76,83
8,76,83
7,76,82
7,77,83
6,76,82
5,76,82
4,76,82
3,76,82
2,76,81
1,75,81
0,76,81
0,76,80
1,76,80
2,75,79
3,76,80
4,76,80
5,76,80
6,76,80
7,77,81
8,76,80
8,75,80
9,76,80
10,76,80
11,76,80
12,76,80
13,75,80
14,76,81
15,75,80
16,76,82
17,75,81
18,75,81
19,75,81
20,75,82
21,75,82
22,75,83
23,75,83
24,74,82
25,75,83
26,75,83
26,74,83
28,74,83
29,74,83
30,74,84
31,75,85
32,74,85
33,74,85
34,74,85
35,74,86
36,74,86
37,74,87
38,73,87
39,73,87
41,74,88
41,73,88
43,73,89
44,73,89
45,73,90
46,73,91
48,73,92
49,73,92
50,73,93
51,73,93
53,73,94
54,73,95
55,72,96
56,72,96
57,72,96
59,71,97
59,71,97
61,71,98
62,70,98
64,71,101
66,71,102
68,71,104
69,71,104
72,72,106
72,70,106
75,71,109
77,71,110
79,71,112
81,71,113
82,71,114
84,71,116
86,70,117
88,70,118
91,71,121
92,70,122
95,70,124
97,70,125
100,71,129
103,71,131
105,70,133
108,70,135
110,69,136
110,68,136
111,66,135
111,65,135
110,63,133
111,61,133
111,59,132
111,57,131
110,55,129
110,54,128
110,52,128
110,51,127
110,49,127
110,47,125
110,45,125
109,44,124
109,42,123
110,41,123
110,39,122
110,38,122
109,36,121
109,35,120
109,33,120
110,32,120
110,30,120
109,29,119
110,27,119
110,26,119
110,25,118
110,23,118
110,22,117
110,20,117
110,19,117
110,18,117
109,16,116
109,15,116
109,14,116
110,12,116
109,11,115
109,9,115
109,8,115
109,7,115
109,5,114
109,4,114
109,3,114
109,1,114
109,0,114
108,0,110
108,1,111
108,3,111
108,4,111
107,5,110
108,7,111
107,8,110
108,9,111
108,11,111
108,12,112
108,13,112
107,15,111
108,16,112
108,17,112
107,19,112
108,20,112
108,22,113
109,23,114
107,24,112
107,25,113
108,27,115
108,28,115
108,30,115
107,31,115
108,33,116
107,34,115
107,35,116
108,37,117
108,39,117
107,40,117
108,41,118
107,43,118
107,44,119
107,46,119
107,48,120
107,49,120
106,50,120
106,52,121
107,54,122
107,56,124
107,57,125
107,59,125
106,60,125
106,62,126
107,64,127
106,66,128
107,68,130
107,70,131
107,71,132
107,73,132
106,74,132
105,76,133
103,77,132
101,77,130
97,76,127
95,76,125
92,75,122
90,76,120
87,75,118
85,75,117
83,76,115
81,76,114
79,76,112
77,76,111
76,76,110
74,75,108
71,75,106
69,75,104
68,75,104
66,74,102
64,75,101
63,75,100
61,74,99
60,75,98
58,74,97
57,74,96
55,75,95
54,75,94
53,75,94
51,75,93
50,75,93
49,76,92
48,76,92
47,76,92
45,75,90
44,76,90
43,75,89
42,76,89
41,76,89
40,76,88
38,76,87
37,76,87
36,76,86
35,76,86
34,76,85
33,76,85
31,75,84
30,76,84
29,76,84
28,75,82
27,76,83
27,77,84
25,76,82
24,76,82
23,77,82
22,76,81
21,75,80
20,75,79
19,75,79
18,75,79
17,75,79
16,76,79
15,75,78
14,75,78
13,76,79
12,75,78
11,77,79
10,77,79
9,76,79
8,76,79
7,76,78
7,77,79
6,77,79
5,75,77
4,76,78
3,76,78
2,75,77
1,75,77
0,75,77
0,75,75
1,75,75
2,75,75
3,75,75
4,76,76
5,76,76
6,75,76
6,75,76
7,76,76
8,75,76
9,76,76
10,74,75
11,76,76
12,75,76
13,75,76
14,75,76
15,75,76
16,75,76
17,75,76
18,76,78
19,75,77
20,75,78
21,75,78
21,74,77
23,74,78
23,74,78
25,75,78
26,74,78
27,75,79
28,74,79
29,74,79
29,74,79
31,74,80
32,75,81
33,74,81
34,73,81
35,74,81
36,73,81
37,73,82
38,73,83
39,73,83
40,72,83
41,73,83
43,73,85
44,73,86
45,72,85
47,73,87
47,72,86
48,72,87
50,72,88
52,73,90
53,73,90
54,73,91
55,73,91
57,72,92
58,72,93
59,72,93
61,72,94
61,71,94
63,71,95
65,71,96
65,70,96
68,71,98
69,71,99
72,72,101
73,71,102
75,71,103
76,71,104
78,71,105
81,71,107
82,71,109
84,71,110
86,70,111
88,70,112
89,70,113
92,70,116
94,70,117
97,70,120
99,70,121
101,69,122
104,70,125
107,70,128
109,69,129
109,67,128
110,66,128
110,64,127
109,62,125
110,60,125
109,58,124
109,57,123
109,55,122
109,53,121
109,52,121
109,50,120
109,48,119
109,47,118
108,45,117
109,44,117
109,42,117
109,40,116
109,39,116
109,37,115
109,36,115
110,35,115
110,33,115
110,32,115
110,30,114
110,29,114
110,27,113
109,26,112
109,24,112
110,23,112
110,22,112
108,20,110
108,19,110
108,17,110
108,16,109
107,15,108
107,13,108
108,12,109
108,11,108
108,9,108
107,8,107
107,7,107
107,5,107
107,4,107
107,3,107
107,1,107
107,0,107
107,0,105
107,1,105
107,3,105
107,4,105
107,5,105
107,7,105
107,8,105
108,9,105
107,11,105
107,12,105
107,13,105
107,15,105
106,16,105
107,17,105
106,18,105
106,20,105
107,21,106
106,23,106
106,24,106
106,25,106
106,27,107
106,28,107
106,29,108
106,31,108
106,32,108
107,34,110
107,35,110
106,37,110
106,38,110
107,40,112
108,41,112
107,43,112
107,44,113
107,46,113
107,47,114
106,49,114
106,50,115
106,52,115
106,53,116
105,55,116
106,57,117
105,58,117
106,60,119
106,62,119
106,64,121
106,65,122
106,67,122
106,69,123
105,70,124
105,72,124
105,74,125
105,76,126
102,75,124
99,75,121
96,75,119
94,75,117
92,75,116
89,75,113
88,76,113
85,75,111
83,75,110
82,76,109
80,76,108
77,75,105
74,74,103
72,74,101
71,75,101
70,75,100
68,75,98
66,75,97
65,75,96
63,74,95
61,75,94
60,75,94
59,75,93
57,75,92
56,75,91
55,75,91
53,75,90
52,76,89
51,76,89
49,76,88
48,76,87
47,76,87
46,76,87
44,75,85
43,76,85
42,76,85
40,76,84
39,76,83
38,76,83
37,76,82
36,76,82
35,76,82
34,76,81
33,76,81
32,77,81
31,76,80
29,76,80
28,76,80
27,75,78
26,76,79
25,76,78
24,76,78
23,77,78
22,77,78
21,77,78
20,77,78
19,76,77
18,77,77
17,76,76
16,76,75
15,77,76
14,77,76
13,77,76
12,77,76
11,76,75
10,77,75
9,76,75
8,76,75
8,77,75
7,76,75
6,76,75
5,76,75
4,78,76
3,76,74
2,76,74
1,76,74
0,76,74
0,0,106
